Optimize a model with 7551 rows, 127449 columns and 386560 nonzeros
Model has 2450 quadratic objective terms
Model has 2500 quadratic constraints
Coefficient statistics:
  Matrix range    [1e+00, 9e+02]
  Objective range [0e+00, 0e+00]
  Bounds range    [1e+00, 5e+01]
  RHS range       [1e+00, 1e+04]
Presolve removed 199 rows and 7202 columns
Presolve time: 0.65s
Presolved: 473494 rows, 353293 columns, 1756027 nonzeros
Variable types: 235496 continuous, 117797 integer (117748 binary)

Root simplex log...

Iteration    Objective       Primal Inf.    Dual Inf.      Time
   47046    7.2120838e-04   3.641322e+03   0.000000e+00      5s
   72281    1.1609433e-03   9.725378e+03   0.000000e+00     10s
   83053    1.3029150e-03   1.110985e+04   0.000000e+00     15s
   88438    1.3510012e-03   2.070016e+04   0.000000e+00     20s
   94421    1.3946839e-03   1.051409e+04   0.000000e+00     25s
  100883    1.4367723e-03   1.176106e+04   0.000000e+00     30s
  105550    1.4601756e-03   7.683521e+03   0.000000e+00     35s
  110217    1.4859177e-03   5.551874e+03   0.000000e+00     40s
  113448    1.4993032e-03   8.685219e+03   0.000000e+00     45s
  116679    1.5112947e-03   1.668539e+04   0.000000e+00     51s
  120628    1.5299755e-03   1.057784e+04   0.000000e+00     56s
  124218    1.5441519e-03   7.800487e+03   0.000000e+00     60s
  128167    1.5580737e-03   2.759001e+04   0.000000e+00     66s
  129962    1.5649120e-03   2.152863e+04   0.000000e+00     70s
  132834    6.7001572e+01   2.230774e+04   0.000000e+00     75s
  135706    6.7001583e+01   2.522844e+04   0.000000e+00     81s
  137860    6.7001588e+01   4.282224e+04   0.000000e+00     85s
  140014    6.7001593e+01   1.658780e+04   0.000000e+00     90s
  141809    6.7001596e+01   1.244480e+04   0.000000e+00     96s
  143604    6.7001634e+01   2.064666e+04   0.000000e+00    100s
  146117    6.7001675e+01   2.117423e+04   0.000000e+00    106s
  147553    6.7001690e+01   3.005449e+04   0.000000e+00    111s
  150425    6.7001771e+01   4.893182e+04   0.000000e+00    115s
  152220    6.7001796e+01   4.416126e+04   0.000000e+00    121s
  153656    6.7001810e+01   7.586634e+04   0.000000e+00    126s
  155092    6.7001829e+01   4.438058e+04   0.000000e+00    130s
  156887    6.7001845e+01   1.944828e+04   0.000000e+00    136s
  158682    6.7001890e+01   7.143645e+04   0.000000e+00    141s
  160118    6.7001947e+01   1.065238e+05   0.000000e+00    146s
  161554    6.7001964e+01   3.939536e+04   0.000000e+00    151s
  162990    6.7001980e+01   6.114656e+04   0.000000e+00    156s
  164067    6.7001989e+01   8.078340e+04   0.000000e+00    160s
  165503    6.7001998e+01   6.682411e+05   0.000000e+00    166s
  166939    6.7002007e+01   4.845519e+04   0.000000e+00    171s
  168375    6.7002019e+01   4.441221e+04   0.000000e+00    176s
  169811    6.7002030e+01   2.221537e+05   0.000000e+00    181s
  171606    6.7002056e+01   3.636016e+04   0.000000e+00    186s
  173042    6.7002076e+01   1.616488e+04   0.000000e+00    190s
  175196    6.7002115e+01   5.612128e+04   0.000000e+00    196s
  176632    6.7002141e+01   4.089055e+04   0.000000e+00    200s
  178786    6.7002180e+01   3.778417e+04   0.000000e+00    205s
  180581    6.7002211e+01   5.710743e+04   0.000000e+00    210s
  183094    6.7002293e+01   3.289474e+04   0.000000e+00    215s
  184889    6.7002318e+01   1.637938e+04   0.000000e+00    220s
  186684    6.7002336e+01   1.164392e+04   0.000000e+00    226s
  188120    6.7002344e+01   1.848943e+04   0.000000e+00    231s
  189556    6.7002375e+01   2.418810e+04   0.000000e+00    235s
  191351    6.7002385e+01   5.495248e+04   0.000000e+00    241s
  192787    6.7002396e+01   1.672398e+05   0.000000e+00    246s
  194223    6.7002407e+01   7.547312e+04   0.000000e+00    251s
  195300    6.7002412e+01   3.227945e+04   0.000000e+00    255s
  197095    6.7002454e+01   2.560499e+05   0.000000e+00    261s
  198531    6.7002460e+01   9.241386e+04   0.000000e+00    267s
  199608    6.7002467e+01   5.466206e+04   0.000000e+00    271s
  201403    6.7002485e+01   4.879768e+04   0.000000e+00    275s
  204275    6.7002530e+01   7.554153e+04   0.000000e+00    280s
  206429    6.7002564e+01   1.656864e+04   0.000000e+00    286s
  207506    6.7002574e+01   1.375481e+04   0.000000e+00    290s
  210019    6.7002662e+01   2.457099e+04   0.000000e+00    296s
  211455    6.7002670e+01   7.512995e+05   0.000000e+00    301s
  212891    6.7002706e+01   9.939012e+04   0.000000e+00    305s
  214327    6.7002726e+01   1.309844e+04   0.000000e+00    310s
  216122    6.7002750e+01   6.779353e+03   0.000000e+00    316s
  217199    6.7002760e+01   2.900423e+04   0.000000e+00    320s
  219353    6.7002791e+01   1.080998e+04   0.000000e+00    325s
  221148    6.7002802e+01   6.252375e+03   0.000000e+00    331s
  222943    6.7002823e+01   5.373511e+04   0.000000e+00    336s
  224020    6.7002828e+01   6.468824e+03   0.000000e+00    341s
  225815    6.7002849e+01   1.954659e+04   0.000000e+00    346s
  227610    6.7002871e+01   2.478663e+04   0.000000e+00    350s
  229405    6.7002893e+01   8.636086e+03   0.000000e+00    357s
  231200    6.7002919e+01   7.005432e+04   0.000000e+00    360s
  233354    6.7002940e+01   2.086327e+04   0.000000e+00    365s
  235149    6.7002969e+01   2.881468e+04   0.000000e+00    371s
  237303    6.7003018e+01   5.654914e+04   0.000000e+00    376s
  239098    6.7003048e+01   1.001141e+05   0.000000e+00    381s
  240175    6.7003055e+01   8.433366e+04   0.000000e+00    386s
  241611    6.7003065e+01   2.317231e+04   0.000000e+00    391s
  243406    6.7003094e+01   3.425473e+04   0.000000e+00    395s
  244842    6.7003110e+01   2.378865e+04   0.000000e+00    400s
  246278    6.7003115e+01   5.295267e+04   0.000000e+00    406s
  247355    6.7003118e+01   7.694080e+03   0.000000e+00    410s
  248791    6.7003128e+01   5.224335e+03   0.000000e+00    416s
  249868    6.7003133e+01   8.469711e+03   0.000000e+00    420s
  251304    6.7003139e+01   1.107179e+04   0.000000e+00    426s
  252381    6.7003143e+01   3.187719e+04   0.000000e+00    431s
  253817    6.7003149e+01   4.251223e+04   0.000000e+00    436s
  255253    6.7003155e+01   1.330478e+04   0.000000e+00    441s
  256689    6.7003163e+01   1.532072e+04   0.000000e+00    446s
  257766    6.7003169e+01   1.407838e+05   0.000000e+00    451s
  258843    6.7003173e+01   1.677668e+05   0.000000e+00    455s
  260279    6.7003182e+01   2.396251e+05   0.000000e+00    461s
  261715    6.7003216e+01   2.192126e+04   0.000000e+00    466s
  263151    6.7003225e+01   4.013458e+04   0.000000e+00    471s
  264228    6.7003230e+01   1.778358e+04   0.000000e+00    475s
  265305    6.7003233e+01   1.836776e+05   0.000000e+00    480s
  266741    6.7003241e+01   1.139941e+04   0.000000e+00    486s
  268177    6.7003258e+01   8.043651e+04   0.000000e+00    491s
  269254    6.7003263e+01   2.195262e+04   0.000000e+00    495s
  270690    6.7003282e+01   6.421341e+05   0.000000e+00    501s
  272844    6.7003316e+01   5.568235e+04   0.000000e+00    505s
  274998    6.7003329e+01   4.963479e+04   0.000000e+00    512s
  276434    6.7003348e+01   4.978350e+04   0.000000e+00    515s
  278229    6.7003366e+01   2.244739e+04   0.000000e+00    521s
  280024    6.7003394e+01   2.233249e+04   0.000000e+00    526s
  281819    6.7003419e+01   4.427519e+04   0.000000e+00    530s
  283255    6.7003424e+01   1.005889e+04   0.000000e+00    536s
  284691    6.7003444e+01   1.307646e+04   0.000000e+00    540s
  286845    6.7003471e+01   1.541582e+04   0.000000e+00    545s
  288281    6.7003479e+01   1.576633e+05   0.000000e+00    551s
  289717    6.7003486e+01   9.606992e+04   0.000000e+00    556s
  290794    6.7003495e+01   3.126356e+05   0.000000e+00    560s
  292230    6.7003501e+01   1.863252e+04   0.000000e+00    566s
  293307    6.7003506e+01   7.742420e+04   0.000000e+00    571s
  294384    6.7003511e+01   9.854214e+05   0.000000e+00    575s
  296179    6.7003543e+01   1.149468e+04   0.000000e+00    581s
  297615    6.7003573e+01   4.294102e+03   0.000000e+00    585s
  299051    6.7003579e+01   5.473934e+04   0.000000e+00    590s
  300487    6.7003586e+01   1.316472e+04   0.000000e+00    596s
  301923    6.7003600e+01   3.281106e+04   0.000000e+00    602s
  303000    6.7003605e+01   2.678605e+04   0.000000e+00    606s
  304795    6.7003623e+01   2.059341e+04   0.000000e+00    610s
  306590    6.7003634e+01   9.095534e+04   0.000000e+00    615s
  307667    6.7003638e+01   1.297383e+05   0.000000e+00    620s
  309103    6.7003642e+01   7.074983e+03   0.000000e+00    626s
  310180    6.7003648e+01   3.130347e+04   0.000000e+00    630s
  311616    6.7003660e+01   5.493228e+04   0.000000e+00    635s
  313052    6.7003666e+01   4.645156e+04   0.000000e+00    641s
  314129    6.7003670e+01   5.041919e+04   0.000000e+00    645s
  315924    6.7003682e+01   1.855179e+04   0.000000e+00    651s
  317001    6.7003687e+01   4.157674e+03   0.000000e+00    655s
  318437    6.7003691e+01   1.536961e+04   0.000000e+00    661s
  319514    6.7003697e+01   4.354207e+04   0.000000e+00    666s
  320950    6.7003716e+01   1.087203e+04   0.000000e+00    670s
  322027    6.7003719e+01   4.609296e+04   0.000000e+00    675s
  323463    6.7003748e+01   2.211256e+04   0.000000e+00    681s
  324899    6.7003752e+01   1.061488e+04   0.000000e+00    687s
  325976    6.7003759e+01   1.076225e+05   0.000000e+00    690s
  327412    6.7003764e+01   3.782898e+04   0.000000e+00    696s
  328489    6.7003773e+01   3.196802e+04   0.000000e+00    700s
  329925    6.7003778e+01   1.914953e+04   0.000000e+00    706s
  331002    6.7003785e+01   1.665711e+04   0.000000e+00    711s
  332438    6.7003788e+01   9.305355e+03   0.000000e+00    716s
  333515    6.7003803e+01   8.147103e+03   0.000000e+00    721s
  334592    6.7003807e+01   4.931544e+04   0.000000e+00    726s
  335669    6.7003809e+01   1.323229e+04   0.000000e+00    730s
  336746    6.7003812e+01   1.608852e+04   0.000000e+00    736s
  337823    6.7003816e+01   6.745198e+03   0.000000e+00    741s
  338900    6.7003820e+01   1.902710e+04   0.000000e+00    746s
  340336    6.7003825e+01   5.979866e+04   0.000000e+00    752s
  341054    6.7003826e+01   4.569106e+04   0.000000e+00    756s
  342131    6.7003829e+01   9.028561e+03   0.000000e+00    760s
  343208    6.7003831e+01   1.058298e+04   0.000000e+00    766s
  344285    6.7003835e+01   9.519604e+03   0.000000e+00    771s
  345362    6.7003838e+01   1.263317e+04   0.000000e+00    776s
  346439    6.7003844e+01   1.169910e+05   0.000000e+00    781s
  347516    6.7003848e+01   8.306787e+03   0.000000e+00    786s
  348593    6.7003862e+01   1.550716e+04   0.000000e+00    790s
  349670    6.7003865e+01   2.175239e+04   0.000000e+00    795s
  350747    6.7003868e+01   7.629013e+03   0.000000e+00    801s
  351824    6.7003870e+01   1.203243e+04   0.000000e+00    806s
  352901    6.7003876e+01   5.486691e+03   0.000000e+00    812s
  353619    6.7003877e+01   6.533966e+03   0.000000e+00    815s
  354696    6.7003879e+01   2.157249e+04   0.000000e+00    821s
  355773    6.7003881e+01   4.879434e+04   0.000000e+00    827s
  356491    6.7003883e+01   1.751831e+04   0.000000e+00    830s
  357568    6.7003884e+01   3.468883e+03   0.000000e+00    836s
  358645    6.7003887e+01   1.033358e+04   0.000000e+00    842s
  359363    6.7003889e+01   1.600582e+05   0.000000e+00    846s
  360440    6.7003892e+01   1.176058e+04   0.000000e+00    851s
  361517    6.7003894e+01   1.821113e+04   0.000000e+00    857s
  362235    6.7003896e+01   6.420975e+03   0.000000e+00    861s
  363312    6.7003898e+01   2.331505e+04   0.000000e+00    866s
  364389    6.7003901e+01   4.219396e+04   0.000000e+00    872s
  365107    6.7003903e+01   5.856092e+03   0.000000e+00    876s
  365825    6.7003904e+01   7.660211e+03   0.000000e+00    880s
  366902    6.7003906e+01   8.262748e+04   0.000000e+00    887s
  367620    6.7003908e+01   6.751591e+03   0.000000e+00    891s
  368338    6.7003909e+01   1.187994e+04   0.000000e+00    895s
  369415    6.7003911e+01   4.443038e+04   0.000000e+00    901s
  370133    6.7003912e+01   6.329605e+03   0.000000e+00    905s
  371210    6.7003915e+01   1.528583e+05   0.000000e+00    911s
  371928    6.7003916e+01   5.467818e+04   0.000000e+00    915s
  373005    6.7003918e+01   6.597156e+03   0.000000e+00    922s
  373723    6.7003920e+01   9.283875e+03   0.000000e+00    926s
  374800    6.7003922e+01   2.818658e+04   0.000000e+00    932s
  375518    6.7003923e+01   6.980875e+03   0.000000e+00    935s
  376595    6.7003925e+01   4.616816e+03   0.000000e+00    942s
  377313    6.7003926e+01   3.004989e+04   0.000000e+00    945s
  378390    6.7003928e+01   3.139900e+04   0.000000e+00    951s
  379826    6.7003961e+01   8.310566e+03   0.000000e+00    956s
  380903    6.7003978e+01   7.980019e+03   0.000000e+00    961s
  381980    6.7003997e+01   3.999756e+03   0.000000e+00    966s
  383057    6.7004009e+01   9.483138e+03   0.000000e+00    971s
  384134    6.7004020e+01   7.357234e+03   0.000000e+00    976s
  385211    6.7004029e+01   1.350367e+04   0.000000e+00    981s
  385929    6.7004033e+01   1.357169e+04   0.000000e+00    986s
  387006    6.7004042e+01   8.356725e+04   0.000000e+00    991s
  388442    6.7004058e+01   9.823172e+03   0.000000e+00    996s
  389878    6.7004147e+01   9.868363e+04   0.000000e+00   1001s
  390955    6.7004158e+01   1.227557e+04   0.000000e+00   1005s
  392032    6.7004168e+01   1.755083e+04   0.000000e+00   1011s
  393109    6.7004178e+01   3.796023e+04   0.000000e+00   1016s
  394186    6.7004188e+01   1.886622e+04   0.000000e+00   1021s
  394904    6.7004198e+01   2.322902e+04   0.000000e+00   1025s
  395981    6.7004209e+01   1.408941e+04   0.000000e+00   1031s
  398135    6.7004307e+01   3.090569e+04   0.000000e+00   1036s
  399212    6.7004314e+01   1.141750e+04   0.000000e+00   1041s
  400289    6.7004325e+01   4.098792e+05   0.000000e+00   1046s
  401007    6.7004329e+01   5.722596e+04   0.000000e+00   1051s
  401725    6.7004332e+01   2.480479e+04   0.000000e+00   1055s
  402802    6.7004338e+01   9.364645e+03   0.000000e+00   1061s
  403520    6.7004342e+01   1.849784e+04   0.000000e+00   1066s
  404238    6.7004346e+01   8.001662e+03   0.000000e+00   1070s
  405315    6.7004361e+01   6.552853e+03   0.000000e+00   1076s
  406033    6.7004366e+01   1.411190e+04   0.000000e+00   1080s
  407110    6.7004374e+01   8.304452e+03   0.000000e+00   1086s
  408187    6.7004381e+01   4.975265e+04   0.000000e+00   1091s
  409264    6.7004386e+01   1.769900e+04   0.000000e+00   1097s
  409982    6.7004390e+01   6.494672e+03   0.000000e+00   1102s
  410700    6.7004393e+01   5.176427e+04   0.000000e+00   1107s
  411418    6.7004403e+01   1.349646e+04   0.000000e+00   1112s
  412136    6.7004407e+01   1.331902e+05   0.000000e+00   1117s
  412854    6.7004412e+01   1.382678e+04   0.000000e+00   1122s
  413572    6.7004415e+01   8.979912e+03   0.000000e+00   1127s
  414290    6.7004420e+01   7.564117e+03   0.000000e+00   1132s
  415008    6.7004433e+01   1.337986e+04   0.000000e+00   1136s
  415726    6.7004436e+01   1.185530e+04   0.000000e+00   1141s
  416444    6.7004440e+01   7.071115e+03   0.000000e+00   1146s
  417162    6.7004443e+01   4.206647e+03   0.000000e+00   1151s
  417880    6.7004450e+01   3.910170e+03   0.000000e+00   1156s
  418598    6.7004453e+01   1.502531e+04   0.000000e+00   1161s
  419316    6.7004456e+01   6.580887e+03   0.000000e+00   1166s
  420034    6.7004466e+01   2.796151e+03   0.000000e+00   1171s
  420752    6.7004468e+01   1.022880e+04   0.000000e+00   1177s
  421470    6.7004471e+01   7.832121e+03   0.000000e+00   1183s
  421829    6.7004479e+01   3.688552e+03   0.000000e+00   1185s
  422547    6.7004482e+01   6.578406e+03   0.000000e+00   1191s
  423265    6.7004484e+01   5.567637e+03   0.000000e+00   1197s
  423983    6.7004488e+01   1.918989e+03   0.000000e+00   1202s
  424701    6.7004490e+01   3.768205e+03   0.000000e+00   1207s
  425060    6.7004492e+01   3.300055e+03   0.000000e+00   1210s
  425778    6.7004494e+01   2.235212e+04   0.000000e+00   1216s
  426496    6.7004497e+01   1.495937e+04   0.000000e+00   1221s
  427214    6.7004507e+01   8.717713e+04   0.000000e+00   1227s
  427932    6.7004534e+01   5.211662e+03   0.000000e+00   1231s
  428650    6.7004536e+01   8.122996e+03   0.000000e+00   1237s
  429368    6.7004538e+01   4.842185e+03   0.000000e+00   1242s
  429727    6.7004539e+01   5.258538e+03   0.000000e+00   1245s
  430445    6.7004546e+01   5.096519e+03   0.000000e+00   1251s
  431163    6.7004548e+01   9.683374e+03   0.000000e+00   1256s
  431881    6.7004550e+01   6.783683e+03   0.000000e+00   1262s
  432599    6.7004553e+01   1.914301e+04   0.000000e+00   1268s
  432958    6.7004554e+01   5.269935e+03   0.000000e+00   1270s
  433676    6.7004556e+01   2.956156e+03   0.000000e+00   1276s
  434394    6.7004559e+01   1.860393e+04   0.000000e+00   1282s
  435112    6.7004561e+01   3.004021e+04   0.000000e+00   1287s
  435830    6.7004564e+01   5.415194e+03   0.000000e+00   1293s
  436189    6.7004566e+01   8.573131e+03   0.000000e+00   1295s
  436907    6.7004571e+01   1.434113e+04   0.000000e+00   1300s
  437625    6.7004573e+01   4.363560e+03   0.000000e+00   1305s
  438343    6.7004576e+01   1.590215e+04   0.000000e+00   1310s
  439061    6.7004578e+01   9.411320e+03   0.000000e+00   1316s
  439779    6.7004580e+01   5.662243e+03   0.000000e+00   1322s
  440497    6.7004582e+01   5.979808e+03   0.000000e+00   1328s
  440856    6.7004583e+01   1.309305e+04   0.000000e+00   1331s
  441574    6.7004585e+01   3.397864e+03   0.000000e+00   1337s
  442292    6.7004587e+01   5.913292e+03   0.000000e+00   1342s
  442651    6.7004588e+01   5.488969e+03   0.000000e+00   1345s
  443369    6.7004590e+01   1.645651e+04   0.000000e+00   1351s
  444087    6.7004593e+01   2.044604e+03   0.000000e+00   1357s
  444805    6.7004595e+01   3.751092e+03   0.000000e+00   1363s
  445164    6.7004596e+01   2.866853e+03   0.000000e+00   1366s
  445882    6.7004598e+01   4.072219e+03   0.000000e+00   1372s
  446600    6.7004601e+01   2.880749e+03   0.000000e+00   1377s
  446959    6.7004602e+01   8.334685e+03   0.000000e+00   1380s
  447677    6.7004604e+01   1.929853e+03   0.000000e+00   1386s
  448395    6.7004606e+01   4.787102e+03   0.000000e+00   1391s
  449113    6.7004609e+01   2.499720e+03   0.000000e+00   1397s
  449831    6.7004611e+01   2.841810e+03   0.000000e+00   1403s
  450190    6.7004612e+01   9.800614e+03   0.000000e+00   1406s
  450908    6.7004625e+01   4.664513e+03   0.000000e+00   1411s
  451626    6.7004628e+01   4.903072e+03   0.000000e+00   1416s
  452344    6.7004630e+01   1.211268e+04   0.000000e+00   1422s
  452703    6.7004632e+01   1.396148e+04   0.000000e+00   1425s
  453421    6.7004635e+01   3.103956e+04   0.000000e+00   1431s
  454139    6.7004646e+01   3.782560e+04   0.000000e+00   1436s
  454857    6.7004649e+01   9.454087e+03   0.000000e+00   1441s
  455575    6.7004651e+01   4.603195e+03   0.000000e+00   1447s
  456293    6.7004653e+01   4.448115e+03   0.000000e+00   1452s
  456652    6.7004655e+01   1.786100e+04   0.000000e+00   1455s
  457370    6.7004658e+01   2.360072e+03   0.000000e+00   1461s
  458088    6.7004660e+01   2.805558e+03   0.000000e+00   1466s
  458806    6.7004662e+01   3.918651e+03   0.000000e+00   1472s
  459165    6.7004663e+01   2.562361e+03   0.000000e+00   1475s
  459883    6.7004664e+01   3.014776e+03   0.000000e+00   1481s
  460601    6.7004666e+01   9.673258e+03   0.000000e+00   1487s
  461319    6.7004668e+01   1.518197e+04   0.000000e+00   1493s
  461678    6.7004669e+01   9.345770e+03   0.000000e+00   1495s
  462396    6.7004671e+01   3.558647e+03   0.000000e+00   1501s
  463114    6.7004673e+01   4.431123e+03   0.000000e+00   1507s
  463473    6.7004674e+01   5.050189e+04   0.000000e+00   1510s
  464191    6.7004675e+01   1.786742e+03   0.000000e+00   1516s
  464909    6.7004677e+01   2.050225e+03   0.000000e+00   1522s
  465268    6.7004678e+01   3.642807e+03   0.000000e+00   1525s
  465986    6.7004680e+01   1.435647e+03   0.000000e+00   1531s
  466704    6.7004682e+01   8.662329e+03   0.000000e+00   1537s
  467422    6.7004684e+01   3.049199e+03   0.000000e+00   1543s
  467781    6.7004685e+01   6.525737e+03   0.000000e+00   1545s
  468499    6.7004694e+01   2.866756e+03   0.000000e+00   1551s
  469217    6.7004696e+01   1.281221e+04   0.000000e+00   1557s
  469935    6.7004701e+01   1.084759e+04   0.000000e+00   1562s
  470653    6.7004702e+01   1.620179e+04   0.000000e+00   1568s
  471012    6.7004703e+01   9.866446e+03   0.000000e+00   1571s
  471730    6.7004705e+01   7.541863e+03   0.000000e+00   1577s
  472448    6.7004707e+01   5.699549e+03   0.000000e+00   1582s
  472807    6.7004708e+01   1.947207e+03   0.000000e+00   1585s
  473525    6.7004709e+01   4.777146e+03   0.000000e+00   1591s
  474243    6.7004711e+01   3.476217e+03   0.000000e+00   1598s
  474602    6.7004712e+01   6.892026e+03   0.000000e+00   1601s
  475320    6.7004714e+01   2.898107e+03   0.000000e+00   1607s
  476038    6.7004715e+01   8.223215e+03   0.000000e+00   1613s
  476397    6.7004716e+01   4.555686e+03   0.000000e+00   1615s
  477115    6.7004718e+01   2.429414e+03   0.000000e+00   1621s
  477833    6.7004720e+01   2.703470e+03   0.000000e+00   1627s
  478551    6.7004721e+01   4.502444e+03   0.000000e+00   1632s
  478910    6.7004722e+01   1.091447e+04   0.000000e+00   1635s
  479628    6.7004724e+01   2.835219e+04   0.000000e+00   1641s
  480346    6.7004726e+01   4.301339e+03   0.000000e+00   1647s
  481064    6.7004728e+01   3.723891e+03   0.000000e+00   1653s
  481423    6.7004729e+01   2.102217e+03   0.000000e+00   1656s
  482141    6.7004730e+01   1.951473e+03   0.000000e+00   1662s
  482500    6.7004731e+01   2.461403e+03   0.000000e+00   1666s
  483218    6.7004732e+01   2.444365e+03   0.000000e+00   1672s
  483936    6.7004734e+01   2.919708e+04   0.000000e+00   1678s
  484295    6.7004735e+01   2.710118e+03   0.000000e+00   1681s
  485013    6.7004737e+01   5.395968e+03   0.000000e+00   1687s
  485731    6.7004739e+01   8.213177e+03   0.000000e+00   1693s
  486090    6.7004740e+01   1.411592e+03   0.000000e+00   1696s
  486808    6.7004742e+01   6.226792e+03   0.000000e+00   1702s
  487526    6.7004744e+01   1.549023e+04   0.000000e+00   1707s
  487885    6.7004745e+01   3.352850e+03   0.000000e+00   1710s
  488603    6.7004746e+01   2.741289e+03   0.000000e+00   1716s
  489321    6.7004750e+01   2.967480e+03   0.000000e+00   1721s
  490039    6.7004751e+01   1.639194e+03   0.000000e+00   1728s
  490398    6.7004752e+01   2.731042e+03   0.000000e+00   1731s
  491116    6.7004755e+01   1.604568e+03   0.000000e+00   1735s
  491834    6.7004757e+01   2.532893e+03   0.000000e+00   1742s
  492552    6.7004758e+01   1.123677e+04   0.000000e+00   1748s
  492911    6.7004759e+01   3.248129e+03   0.000000e+00   1750s
  493629    6.7004761e+01   1.676831e+04   0.000000e+00   1756s
  494347    6.7004765e+01   1.737872e+03   0.000000e+00   1762s
  495065    6.7004767e+01   5.336003e+03   0.000000e+00   1767s
  495783    6.7004769e+01   2.774248e+03   0.000000e+00   1772s
  496142    6.7004770e+01   3.837854e+03   0.000000e+00   1775s
  496860    6.7004771e+01   6.457466e+03   0.000000e+00   1781s
  497578    6.7004774e+01   1.483426e+04   0.000000e+00   1787s
  498296    6.7004779e+01   2.043123e+04   0.000000e+00   1792s
  499014    6.7004783e+01   4.709852e+03   0.000000e+00   1796s
  500091    6.7004849e+01   1.103453e+04   0.000000e+00   1802s
  500809    6.7004857e+01   6.483582e+03   0.000000e+00   1807s
  501527    6.7004859e+01   1.957315e+04   0.000000e+00   1813s
  502963    7.2671444e+01   8.250095e+03   0.000000e+00   1817s
  503322    7.2671445e+01   3.817189e+03   0.000000e+00   1820s
  504040    7.2671449e+01   3.518768e+03   0.000000e+00   1825s
  504758    7.2671451e+01   1.592212e+03   0.000000e+00   1832s
  505476    7.2671453e+01   1.066786e+04   0.000000e+00   1838s
  505835    7.2671454e+01   1.580841e+03   0.000000e+00   1841s
  506553    7.2671456e+01   2.339264e+03   0.000000e+00   1847s
  507271    7.2671458e+01   2.214373e+03   0.000000e+00   1853s
  507630    7.2671459e+01   1.931279e+04   0.000000e+00   1856s
  508348    7.2671460e+01   3.046311e+03   0.000000e+00   1862s
  509066    7.2671462e+01   2.913775e+03   0.000000e+00   1868s
  509425    7.2671463e+01   3.306004e+03   0.000000e+00   1871s
  510143    7.2671465e+01   8.643835e+03   0.000000e+00   1877s
  510502    7.2671465e+01   4.002351e+03   0.000000e+00   1880s
  511220    7.2671467e+01   1.047898e+04   0.000000e+00   1886s
  511938    7.2671469e+01   2.976780e+03   0.000000e+00   1892s
  512297    7.2671470e+01   4.429082e+03   0.000000e+00   1896s
  513015    7.2671471e+01   4.029486e+03   0.000000e+00   1902s
  513733    7.2671473e+01   4.107049e+03   0.000000e+00   1908s
  514092    7.2671473e+01   1.006410e+04   0.000000e+00   1911s
  514810    7.2671475e+01   6.860790e+03   0.000000e+00   1917s
  515169    7.2671476e+01   2.246412e+04   0.000000e+00   1920s
  515887    7.2671477e+01   3.522310e+03   0.000000e+00   1927s
  516605    7.2671479e+01   2.642369e+03   0.000000e+00   1933s
  516964    7.2671480e+01   9.609046e+03   0.000000e+00   1936s
  517682    7.2671481e+01   6.801822e+03   0.000000e+00   1943s
  518041    7.2671482e+01   7.568560e+03   0.000000e+00   1946s
  518759    7.2671483e+01   4.789539e+03   0.000000e+00   1952s
  519118    7.2671484e+01   4.191195e+03   0.000000e+00   1955s
  519836    7.2671485e+01   1.960654e+03   0.000000e+00   1962s
  520554    7.2671487e+01   3.443304e+03   0.000000e+00   1968s
  520913    7.2671488e+01   6.138890e+03   0.000000e+00   1971s
  521631    7.2671489e+01   2.552524e+03   0.000000e+00   1977s
  521990    7.2671490e+01   2.710139e+03   0.000000e+00   1980s
  522708    7.2671491e+01   2.752099e+03   0.000000e+00   1987s
  523426    7.2671493e+01   1.628102e+03   0.000000e+00   1993s
  523785    7.2671494e+01   2.090092e+03   0.000000e+00   1996s
  524503    7.2671495e+01   7.537599e+03   0.000000e+00   2002s
  524862    7.2671496e+01   4.315845e+03   0.000000e+00   2005s
  525580    7.2671497e+01   1.547657e+03   0.000000e+00   2011s
  526298    7.2671499e+01   7.865024e+03   0.000000e+00   2017s
  526657    7.2671500e+01   7.186199e+03   0.000000e+00   2020s
  527375    7.2671501e+01   1.032218e+04   0.000000e+00   2027s
  528093    7.2671503e+01   3.014087e+03   0.000000e+00   2032s
  528452    7.2671503e+01   4.118873e+04   0.000000e+00   2036s
  529170    7.2671505e+01   2.125659e+03   0.000000e+00   2042s
  529888    7.2671506e+01   1.213892e+04   0.000000e+00   2048s
  530247    7.2671507e+01   1.714622e+03   0.000000e+00   2051s
  530965    7.2671508e+01   1.593601e+03   0.000000e+00   2057s
  531324    7.2671509e+01   2.372155e+03   0.000000e+00   2060s
  532042    7.2671510e+01   3.686394e+03   0.000000e+00   2067s
  532760    7.2671512e+01   3.000675e+03   0.000000e+00   2073s
  533119    7.2671513e+01   8.795060e+03   0.000000e+00   2076s
  533837    7.2671515e+01   2.851144e+03   0.000000e+00   2082s
  534196    7.2671515e+01   7.840855e+03   0.000000e+00   2085s
  534914    7.2671517e+01   8.551298e+03   0.000000e+00   2092s
  535273    7.2671517e+01   2.076948e+03   0.000000e+00   2095s
  535991    7.2671518e+01   2.284367e+04   0.000000e+00   2102s
  536709    7.2671520e+01   6.217235e+03   0.000000e+00   2108s
  537068    7.2671520e+01   1.697762e+03   0.000000e+00   2111s
  537786    7.2671522e+01   2.852191e+03   0.000000e+00   2117s
  538145    7.2671524e+01   3.252936e+03   0.000000e+00   2120s
  538863    7.2671525e+01   4.423412e+03   0.000000e+00   2126s
  539581    7.2671526e+01   3.430370e+03   0.000000e+00   2133s
  539940    7.2671527e+01   5.019567e+03   0.000000e+00   2136s
  540658    7.2671529e+01   3.518605e+03   0.000000e+00   2142s
  541017    7.2671529e+01   1.503199e+03   0.000000e+00   2146s
  541735    7.2671531e+01   3.392154e+03   0.000000e+00   2152s
  542094    7.2671531e+01   6.287062e+03   0.000000e+00   2155s
  542812    7.2671533e+01   2.141526e+03   0.000000e+00   2161s
  543530    7.2671534e+01   1.682548e+03   0.000000e+00   2168s
  543889    7.2671535e+01   2.969469e+03   0.000000e+00   2171s
  544607    7.2671536e+01   4.818554e+03   0.000000e+00   2178s
  544966    7.2671536e+01   1.053625e+03   0.000000e+00   2181s
  545684    7.2671537e+01   2.204107e+03   0.000000e+00   2188s
  546043    7.2671538e+01   2.625964e+03   0.000000e+00   2191s
  546761    7.2671539e+01   1.076918e+04   0.000000e+00   2197s
  547120    7.2671539e+01   1.577245e+03   0.000000e+00   2200s
  547838    7.2671541e+01   3.987845e+03   0.000000e+00   2207s
  548556    7.2671542e+01   1.345379e+03   0.000000e+00   2213s
  548915    7.2671542e+01   3.513264e+04   0.000000e+00   2216s
  549633    7.2671559e+01   6.284956e+03   0.000000e+00   2222s
  550351    7.2671577e+01   1.411578e+03   0.000000e+00   2228s
  550710    7.2671583e+01   4.976152e+03   0.000000e+00   2230s
  551428    7.2671595e+01   3.720326e+03   0.000000e+00   2235s
  552146    7.2671605e+01   3.241245e+03   0.000000e+00   2241s
  552864    7.2671612e+01   5.996977e+03   0.000000e+00   2246s
  553582    7.2671620e+01   3.828469e+03   0.000000e+00   2252s
  554300    7.2671629e+01   3.819449e+03   0.000000e+00   2257s
  555018    7.2671639e+01   3.133951e+03   0.000000e+00   2262s
  555736    7.2671647e+01   1.876098e+03   0.000000e+00   2267s
  556454    7.2671653e+01   4.451648e+03   0.000000e+00   2273s
  556813    7.2671655e+01   3.192847e+03   0.000000e+00   2276s
  557531    7.2671660e+01   1.834062e+04   0.000000e+00   2282s
  558249    7.2671665e+01   4.341348e+03   0.000000e+00   2287s
  558608    7.2671667e+01   1.440590e+03   0.000000e+00   2290s
  559326    7.2671671e+01   5.379440e+03   0.000000e+00   2296s
  560044    7.2671677e+01   3.054444e+03   0.000000e+00   2302s
  560762    7.2671687e+01   1.224473e+03   0.000000e+00   2307s
  561480    7.2671691e+01   1.894423e+03   0.000000e+00   2313s
  561839    7.2671692e+01   7.246946e+03   0.000000e+00   2316s
  562557    7.2671696e+01   5.088208e+03   0.000000e+00   2322s
  562916    7.2671701e+01   1.323160e+03   0.000000e+00   2325s
  563634    7.2671704e+01   3.636426e+03   0.000000e+00   2332s
  564352    7.2671708e+01   3.258311e+03   0.000000e+00   2338s
  564711    7.2671709e+01   1.157778e+03   0.000000e+00   2341s
  565429    7.2671712e+01   2.510020e+03   0.000000e+00   2348s
  565788    7.2671713e+01   3.010419e+03   0.000000e+00   2351s
  566506    7.2671717e+01   3.101737e+03   0.000000e+00   2357s
  566865    7.2671719e+01   3.160350e+03   0.000000e+00   2360s
  567583    7.2671722e+01   3.319059e+03   0.000000e+00   2367s
  567942    7.2671724e+01   3.008119e+03   0.000000e+00   2370s
  568660    7.2671727e+01   2.469101e+03   0.000000e+00   2376s
  569378    7.2671729e+01   3.128458e+03   0.000000e+00   2382s
  569737    7.2671731e+01   1.199046e+03   0.000000e+00   2386s
  570455    7.2671734e+01   1.835298e+03   0.000000e+00   2392s
  570814    7.2671736e+01   1.140020e+03   0.000000e+00   2395s
  571532    7.2671738e+01   3.318537e+03   0.000000e+00   2402s
  571891    7.2671740e+01   1.842357e+03   0.000000e+00   2405s
  572609    7.2671742e+01   1.621742e+03   0.000000e+00   2412s
  573327    7.2671745e+01   1.502398e+03   0.000000e+00   2418s
  573686    7.2671747e+01   7.828494e+02   0.000000e+00   2421s
  574404    7.2671749e+01   4.833470e+03   0.000000e+00   2428s
  574763    7.2671751e+01   8.236756e+02   0.000000e+00   2431s
  575481    7.2671753e+01   1.225717e+03   0.000000e+00   2437s
  575840    7.2671756e+01   9.496464e+02   0.000000e+00   2440s
  576558    7.2671758e+01   7.067490e+03   0.000000e+00   2447s
  576917    7.2671759e+01   2.415648e+03   0.000000e+00   2450s
  577635    7.2671761e+01   1.318705e+03   0.000000e+00   2457s
  577994    7.2671763e+01   2.001326e+03   0.000000e+00   2461s
  578712    7.2671765e+01   1.071932e+03   0.000000e+00   2467s
  579071    7.2671766e+01   4.259450e+03   0.000000e+00   2471s
  579789    7.2671769e+01   1.090142e+03   0.000000e+00   2477s
  580148    7.2671770e+01   2.179540e+03   0.000000e+00   2480s
  580866    7.2671773e+01   1.458259e+03   0.000000e+00   2487s
  581225    7.2671774e+01   2.917175e+03   0.000000e+00   2490s
  581943    7.2671776e+01   1.550885e+03   0.000000e+00   2497s
  582302    7.2671777e+01   2.171010e+03   0.000000e+00   2500s
  583020    7.2671782e+01   7.031205e+02   0.000000e+00   2507s
  583738    7.2671784e+01   1.176982e+03   0.000000e+00   2513s
  584097    7.2671785e+01   2.735417e+03   0.000000e+00   2517s
  584815    7.2671791e+01   4.214553e+03   0.000000e+00   2522s
  585174    7.2671792e+01   1.587444e+03   0.000000e+00   2525s
  585892    7.2671795e+01   6.963404e+02   0.000000e+00   2532s
  586251    7.2671796e+01   1.597491e+03   0.000000e+00   2535s
  586969    7.2671798e+01   1.224035e+03   0.000000e+00   2542s
  587328    7.2671799e+01   3.991138e+03   0.000000e+00   2545s
  588046    7.2671802e+01   1.295876e+03   0.000000e+00   2552s
  588405    7.2671803e+01   8.137509e+02   0.000000e+00   2555s
  589123    7.2671805e+01   8.994438e+02   0.000000e+00   2562s
  589482    7.2671806e+01   1.907783e+03   0.000000e+00   2565s
  590200    7.2671809e+01   3.032938e+03   0.000000e+00   2572s
  590559    7.2671810e+01   8.773397e+02   0.000000e+00   2575s
  591277    7.2671812e+01   7.342263e+02   0.000000e+00   2582s
  591636    7.2671814e+01   5.611403e+03   0.000000e+00   2585s
  592354    7.2671817e+01   7.210414e+02   0.000000e+00   2592s
  593072    7.2671820e+01   4.080399e+03   0.000000e+00   2598s
  593431    7.2671821e+01   9.077009e+02   0.000000e+00   2601s
  594149    7.2671823e+01   1.962840e+03   0.000000e+00   2608s
  594508    7.2671825e+01   1.169786e+04   0.000000e+00   2611s
  595226    7.2671827e+01   1.104075e+03   0.000000e+00   2618s
  595585    7.2671828e+01   1.035869e+03   0.000000e+00   2621s
  596303    7.2671830e+01   5.295674e+02   0.000000e+00   2628s
  596662    7.2671831e+01   7.299828e+02   0.000000e+00   2631s
  597380    7.2671833e+01   1.227738e+03   0.000000e+00   2638s
  597739    7.2671834e+01   1.105831e+03   0.000000e+00   2641s
  598457    7.2671837e+01   3.013654e+03   0.000000e+00   2648s
  598816    7.2671838e+01   2.158956e+03   0.000000e+00   2651s
  599534    7.2671840e+01   2.992090e+03   0.000000e+00   2658s
  599893    7.2671841e+01   1.175625e+03   0.000000e+00   2661s
  600611    7.2671843e+01   2.577703e+03   0.000000e+00   2668s
  600970    7.2671844e+01   2.940145e+03   0.000000e+00   2671s
  601688    7.2671847e+01   3.666011e+03   0.000000e+00   2678s
  602047    7.2671848e+01   1.763506e+03   0.000000e+00   2681s
  602765    7.2671850e+01   2.015319e+03   0.000000e+00   2688s
  603124    7.2671851e+01   1.079436e+03   0.000000e+00   2692s
  603842    7.2671853e+01   1.443702e+03   0.000000e+00   2698s
  604201    7.2671854e+01   1.834290e+03   0.000000e+00   2702s
  604919    7.2671856e+01   1.523449e+03   0.000000e+00   2708s
  605278    7.2671857e+01   1.166895e+03   0.000000e+00   2712s
  605637    7.2671858e+01   7.059896e+02   0.000000e+00   2715s
  606355    7.2671860e+01   4.688226e+02   0.000000e+00   2722s
  606714    7.2671861e+01   2.663148e+03   0.000000e+00   2725s
  607432    7.2671863e+01   1.987929e+03   0.000000e+00   2732s
  607791    7.2671865e+01   7.177141e+02   0.000000e+00   2735s
  608509    7.2671867e+01   1.684709e+03   0.000000e+00   2742s
  608868    7.2671868e+01   1.464763e+03   0.000000e+00   2745s
  609586    7.2671870e+01   7.266293e+03   0.000000e+00   2752s
  609945    7.2671870e+01   5.744851e+02   0.000000e+00   2756s
  610663    7.2671873e+01   5.118983e+03   0.000000e+00   2762s
  611022    7.2671874e+01   2.770043e+03   0.000000e+00   2766s
  611740    7.2671876e+01   3.474373e+03   0.000000e+00   2773s
  612099    7.2671876e+01   1.766459e+03   0.000000e+00   2776s
  612817    7.2671879e+01   1.320389e+03   0.000000e+00   2783s
  613176    7.2671879e+01   8.255373e+02   0.000000e+00   2786s
  613894    7.2671881e+01   3.613309e+03   0.000000e+00   2793s
  614253    7.2671882e+01   7.724141e+02   0.000000e+00   2796s
  614971    7.2671884e+01   1.263355e+03   0.000000e+00   2803s
  615330    7.2671885e+01   1.972283e+03   0.000000e+00   2806s
  616048    7.2671886e+01   7.659717e+02   0.000000e+00   2813s
  616407    7.2671887e+01   2.761509e+03   0.000000e+00   2817s
  616766    7.2671888e+01   7.893795e+02   0.000000e+00   2820s
  617484    7.2671889e+01   1.760045e+03   0.000000e+00   2827s
  617843    7.2671890e+01   1.334760e+04   0.000000e+00   2831s
  618561    7.2671892e+01   9.316420e+02   0.000000e+00   2838s
  618920    7.2671893e+01   2.190001e+03   0.000000e+00   2841s
  619638    7.2671894e+01   9.928425e+03   0.000000e+00   2848s
  619997    7.2671895e+01   5.174911e+02   0.000000e+00   2852s
  620356    7.2671896e+01   6.350610e+02   0.000000e+00   2855s
  621074    7.2671897e+01   1.044049e+03   0.000000e+00   2862s
  621433    7.2671898e+01   4.353603e+02   0.000000e+00   2866s
  622151    7.2671900e+01   8.622366e+02   0.000000e+00   2873s
  622510    7.2671900e+01   2.005618e+03   0.000000e+00   2876s
  623228    7.2671902e+01   1.410163e+03   0.000000e+00   2884s
  623587    7.2671902e+01   6.749036e+02   0.000000e+00   2887s
  623946    7.2671903e+01   4.820114e+02   0.000000e+00   2891s
  624664    7.2671904e+01   1.566938e+03   0.000000e+00   2898s
  625023    7.2671905e+01   4.922945e+02   0.000000e+00   2901s
  625741    7.2671906e+01   1.062282e+03   0.000000e+00   2908s
  626100    7.2671907e+01   4.552315e+02   0.000000e+00   2912s
  626459    7.2671908e+01   6.591024e+02   0.000000e+00   2915s
  627177    7.2671909e+01   7.514796e+02   0.000000e+00   2922s
  627536    7.2671910e+01   4.157870e+02   0.000000e+00   2926s
  628254    7.2671911e+01   6.521439e+02   0.000000e+00   2933s
  628613    7.2671912e+01   1.317380e+03   0.000000e+00   2936s
  629331    7.2671913e+01   1.029561e+03   0.000000e+00   2943s
  629690    7.2671914e+01   6.857568e+02   0.000000e+00   2947s
  630049    7.2671915e+01   9.909447e+02   0.000000e+00   2950s
  630767    7.2671916e+01   4.604063e+03   0.000000e+00   2958s
  631126    7.2671917e+01   9.608373e+02   0.000000e+00   2961s
  631844    7.2671918e+01   1.237501e+03   0.000000e+00   2968s
  632203    7.2671919e+01   7.314630e+02   0.000000e+00   2972s
  632562    7.2671920e+01   4.759662e+02   0.000000e+00   2975s
  633280    7.2671921e+01   9.759833e+02   0.000000e+00   2982s
  633639    7.2671922e+01   9.259427e+02   0.000000e+00   2986s
  634357    7.2671923e+01   3.999933e+02   0.000000e+00   2993s
  634716    7.2671924e+01   2.403434e+03   0.000000e+00   2996s
  635434    7.2671926e+01   5.998605e+02   0.000000e+00   3004s
  635793    7.2671926e+01   9.032071e+02   0.000000e+00   3007s
  636152    7.2671927e+01   2.152393e+03   0.000000e+00   3011s
  636870    7.2671928e+01   2.104342e+03   0.000000e+00   3018s
  637229    7.2671929e+01   1.189626e+03   0.000000e+00   3021s
  637947    7.2671930e+01   2.019416e+03   0.000000e+00   3028s
  638306    7.2671931e+01   7.870977e+03   0.000000e+00   3032s
  638665    7.2671931e+01   2.854571e+03   0.000000e+00   3035s
  639383    7.2671933e+01   2.791242e+03   0.000000e+00   3043s
  639742    7.2671934e+01   3.504322e+02   0.000000e+00   3046s
  640460    7.2671935e+01   2.609996e+03   0.000000e+00   3053s
  640819    7.2671935e+01   4.656958e+02   0.000000e+00   3057s
  641178    7.2671936e+01   5.777123e+03   0.000000e+00   3061s
  641896    7.2671937e+01   1.160311e+03   0.000000e+00   3068s
  642255    7.2671937e+01   1.300222e+03   0.000000e+00   3071s
  642614    7.2671938e+01   3.977738e+02   0.000000e+00   3075s
  643332    7.2671939e+01   2.373623e+03   0.000000e+00   3082s
  643691    7.2671940e+01   5.357326e+02   0.000000e+00   3086s
  644409    7.2671941e+01   4.291495e+02   0.000000e+00   3093s
  644768    7.2671942e+01   3.187655e+02   0.000000e+00   3097s
  645127    7.2671942e+01   7.210368e+02   0.000000e+00   3100s
  645845    7.2671943e+01   5.257826e+02   0.000000e+00   3108s
  646204    7.2671944e+01   7.984355e+02   0.000000e+00   3111s
  646922    7.2671945e+01   7.980591e+02   0.000000e+00   3119s
  647281    7.2671946e+01   1.403478e+03   0.000000e+00   3122s
  647640    7.2671946e+01   1.745407e+03   0.000000e+00   3126s
  648358    7.2671948e+01   7.636787e+02   0.000000e+00   3133s
  648717    7.2671948e+01   3.969738e+02   0.000000e+00   3137s
  649076    7.2671949e+01   5.583902e+03   0.000000e+00   3140s
  649794    7.2671950e+01   5.751628e+02   0.000000e+00   3148s
  650153    7.2671950e+01   2.405095e+02   0.000000e+00   3151s
  650871    7.2671951e+01   3.700481e+03   0.000000e+00   3159s
  651230    7.2671952e+01   3.409842e+02   0.000000e+00   3162s
  651589    7.2671953e+01   6.278936e+03   0.000000e+00   3166s
  652307    7.2671954e+01   1.682041e+04   0.000000e+00   3173s
  652666    7.2671954e+01   9.756492e+02   0.000000e+00   3177s
  653025    7.2671955e+01   2.579287e+02   0.000000e+00   3180s
  653743    7.2671956e+01   3.564757e+02   0.000000e+00   3188s
  654102    7.2671956e+01   4.367782e+02   0.000000e+00   3191s
  654461    7.2671957e+01   4.183572e+02   0.000000e+00   3195s
  655179    7.2671958e+01   5.348562e+02   0.000000e+00   3202s
  655538    7.2671958e+01   3.336255e+02   0.000000e+00   3206s
  656256    7.2671959e+01   5.263756e+02   0.000000e+00   3213s
  656615    7.2671960e+01   3.303527e+02   0.000000e+00   3217s
  656974    7.2671960e+01   3.051355e+02   0.000000e+00   3221s
  657692    7.2671961e+01   3.781898e+02   0.000000e+00   3228s
  658051    7.2671962e+01   9.313754e+02   0.000000e+00   3232s
  658410    7.2671962e+01   7.747824e+02   0.000000e+00   3235s
  659128    7.2671963e+01   2.371227e+03   0.000000e+00   3243s
  659487    7.2671964e+01   9.966653e+02   0.000000e+00   3246s
  659846    7.2671964e+01   6.029875e+02   0.000000e+00   3250s
  660564    7.2671965e+01   3.010099e+02   0.000000e+00   3257s
  660923    7.2671966e+01   1.193496e+03   0.000000e+00   3261s
  661641    7.2671967e+01   1.028311e+03   0.000000e+00   3269s
  662000    7.2671967e+01   3.010856e+03   0.000000e+00   3272s
  662359    7.2671968e+01   3.618510e+02   0.000000e+00   3276s
  663077    7.2671969e+01   5.244218e+02   0.000000e+00   3283s
  663436    7.2671969e+01   3.481371e+02   0.000000e+00   3287s
  663795    7.2671970e+01   2.780450e+02   0.000000e+00   3291s
  664513    7.2671971e+01   5.588023e+02   0.000000e+00   3298s
  664872    7.2671971e+01   3.405610e+02   0.000000e+00   3302s
  665231    7.2671972e+01   1.205802e+03   0.000000e+00   3306s
  665949    7.2671973e+01   1.758002e+03   0.000000e+00   3313s
  666308    7.2671973e+01   4.603113e+02   0.000000e+00   3317s
  666667    7.2671974e+01   2.990662e+02   0.000000e+00   3320s
  667385    7.2671975e+01   6.807922e+02   0.000000e+00   3328s
  667744    7.2671975e+01   2.409957e+02   0.000000e+00   3332s
  668103    7.2671975e+01   4.418651e+02   0.000000e+00   3335s
  668821    7.2671976e+01   3.786799e+02   0.000000e+00   3343s
  669180    7.2671977e+01   1.081801e+03   0.000000e+00   3346s
  669539    7.2671977e+01   2.075949e+03   0.000000e+00   3350s
  670257    7.2671978e+01   1.475508e+02   0.000000e+00   3357s
  670616    7.2671979e+01   6.154579e+02   0.000000e+00   3361s
  671334    7.2671979e+01   5.639099e+02   0.000000e+00   3369s
  671693    7.2671980e+01   1.440057e+03   0.000000e+00   3372s
  672052    7.2671980e+01   1.444865e+03   0.000000e+00   3376s
  672770    7.2671981e+01   3.538410e+02   0.000000e+00   3384s
  673129    7.2671982e+01   2.068868e+02   0.000000e+00   3387s
  673488    7.2671982e+01   4.032676e+02   0.000000e+00   3391s
  674206    7.2671983e+01   5.302636e+02   0.000000e+00   3398s
  674565    7.2671984e+01   7.778140e+02   0.000000e+00   3402s
  674924    7.2671984e+01   2.042119e+03   0.000000e+00   3406s
  675642    7.2671985e+01   1.050201e+03   0.000000e+00   3413s
  676001    7.2671986e+01   2.385167e+02   0.000000e+00   3417s
  676360    7.2671986e+01   1.486124e+03   0.000000e+00   3421s
  677078    7.2671987e+01   2.463319e+02   0.000000e+00   3428s
  677437    7.2671987e+01   3.337176e+02   0.000000e+00   3432s
  677796    7.2671987e+01   1.413197e+03   0.000000e+00   3435s
  678514    7.2671988e+01   5.660293e+02   0.000000e+00   3443s
  678873    7.2671989e+01   5.337442e+02   0.000000e+00   3447s
  679232    7.2671989e+01   4.935732e+02   0.000000e+00   3450s
  679950    7.2671990e+01   5.578558e+02   0.000000e+00   3458s
  680309    7.2671990e+01   3.036417e+02   0.000000e+00   3462s
  680668    7.2671991e+01   1.481166e+02   0.000000e+00   3465s
  681386    7.2671992e+01   4.166231e+02   0.000000e+00   3473s
  681745    7.2671992e+01   2.628781e+02   0.000000e+00   3476s
  682104    7.2671993e+01   2.966256e+02   0.000000e+00   3480s
  682822    7.2671993e+01   4.314559e+02   0.000000e+00   3487s
  683181    7.2671994e+01   4.047748e+02   0.000000e+00   3491s
  683899    7.2671995e+01   2.015884e+02   0.000000e+00   3499s
  684258    7.2671995e+01   3.975150e+02   0.000000e+00   3502s
  684617    7.2671995e+01   6.266778e+02   0.000000e+00   3506s
  685335    7.2671996e+01   6.137179e+02   0.000000e+00   3513s
  685694    7.2671997e+01   1.874298e+03   0.000000e+00   3517s
  686053    7.2671997e+01   2.870763e+02   0.000000e+00   3521s
  686771    7.2671998e+01   3.159445e+02   0.000000e+00   3528s
  687130    7.2671998e+01   1.667528e+02   0.000000e+00   3532s
  687489    7.2671998e+01   4.843544e+02   0.000000e+00   3536s
  688207    7.2671999e+01   1.107525e+03   0.000000e+00   3543s
  688566    7.2671999e+01   1.165426e+03   0.000000e+00   3547s
  688925    7.2672000e+01   1.201786e+03   0.000000e+00   3551s
  689643    7.2672001e+01   2.830528e+02   0.000000e+00   3558s
  690002    7.2672001e+01   2.196506e+03   0.000000e+00   3562s
  690361    7.2672002e+01   1.351576e+04   0.000000e+00   3566s
  691079    7.2672003e+01   2.221298e+03   0.000000e+00   3573s
  691438    7.2672003e+01   3.754598e+02   0.000000e+00   3577s
  691797    7.2672004e+01   2.369342e+02   0.000000e+00   3580s
  692515    7.2672004e+01   1.601122e+03   0.000000e+00   3588s
  692874    7.2672005e+01   5.886367e+02   0.000000e+00   3592s
  693233    7.2672005e+01   1.380487e+03   0.000000e+00   3595s
  693951    7.2672006e+01   1.045899e+03   0.000000e+00   3603s
  694310    7.2672007e+01   4.290361e+02   0.000000e+00   3607s
  694669    7.2672007e+01   1.145472e+02   0.000000e+00   3611s
  695387    7.2672008e+01   2.607211e+02   0.000000e+00   3618s
  695746    7.2672008e+01   5.945730e+02   0.000000e+00   3622s
  696105    7.2672008e+01   2.086085e+02   0.000000e+00   3626s
  696823    7.2672009e+01   2.371832e+02   0.000000e+00   3633s
  697182    7.2672009e+01   2.091241e+02   0.000000e+00   3637s
  697541    7.2672010e+01   9.604513e+02   0.000000e+00   3641s
  698259    7.2672011e+01   1.012623e+03   0.000000e+00   3648s
  698618    7.2672011e+01   7.332508e+02   0.000000e+00   3652s
  698977    7.2672012e+01   7.030386e+02   0.000000e+00   3656s
  699695    7.2672012e+01   5.439377e+02   0.000000e+00   3663s
  700054    7.2672013e+01   3.547820e+02   0.000000e+00   3667s
  700413    7.2672013e+01   2.142860e+02   0.000000e+00   3671s
  701131    7.2672014e+01   5.211775e+02   0.000000e+00   3678s
  701490    7.2672014e+01   2.829640e+03   0.000000e+00   3682s
  701849    7.2672015e+01   5.058587e+02   0.000000e+00   3686s
  702567    7.2672016e+01   2.745590e+02   0.000000e+00   3693s
  702926    7.2672016e+01   7.887875e+02   0.000000e+00   3697s
  703285    7.2672017e+01   4.476960e+02   0.000000e+00   3701s
  704003    7.2672017e+01   2.070413e+02   0.000000e+00   3708s
  704362    7.2672018e+01   4.877992e+02   0.000000e+00   3712s
  704721    7.2672018e+01   1.159243e+03   0.000000e+00   3716s
  705439    7.2672019e+01   2.262989e+02   0.000000e+00   3723s
  705798    7.2672019e+01   1.696917e+03   0.000000e+00   3727s
  706157    7.2672020e+01   2.613313e+02   0.000000e+00   3730s
  706875    7.2672022e+01   4.411813e+02   0.000000e+00   3738s
  707234    7.2672022e+01   3.092641e+02   0.000000e+00   3741s
  707593    7.2672022e+01   4.342276e+02   0.000000e+00   3745s
  708311    7.2672023e+01   4.146631e+02   0.000000e+00   3753s
  708670    7.2672024e+01   3.226293e+02   0.000000e+00   3756s
  709029    7.2672024e+01   2.338634e+02   0.000000e+00   3760s
  709747    7.2672025e+01   7.460438e+02   0.000000e+00   3768s
  710106    7.2672025e+01   3.591485e+02   0.000000e+00   3771s
  710465    7.2672025e+01   1.148687e+02   0.000000e+00   3775s
  711183    7.2672026e+01   1.255298e+02   0.000000e+00   3783s
  711542    7.2672027e+01   6.595261e+02   0.000000e+00   3786s
  711901    7.2672027e+01   6.425327e+02   0.000000e+00   3790s
  712619    7.2672028e+01   2.696930e+02   0.000000e+00   3798s
  712978    7.2672028e+01   1.025370e+04   0.000000e+00   3801s
  713337    7.2672029e+01   5.105664e+02   0.000000e+00   3805s
  714055    7.2672029e+01   4.007796e+02   0.000000e+00   3813s
  714414    7.2672030e+01   1.833819e+02   0.000000e+00   3816s
  714773    7.2672030e+01   1.728480e+02   0.000000e+00   3820s
  715491    7.2672031e+01   2.887397e+02   0.000000e+00   3828s
  715850    7.2672031e+01   1.310148e+02   0.000000e+00   3831s
  716568    7.2672032e+01   1.916886e+02   0.000000e+00   3839s
  716927    7.2672032e+01   1.193826e+03   0.000000e+00   3842s
  717286    7.2672032e+01   3.499370e+02   0.000000e+00   3846s
  718004    7.2672033e+01   2.230718e+02   0.000000e+00   3854s
  718363    7.2672033e+01   5.865668e+02   0.000000e+00   3858s
  718722    7.2672034e+01   2.650640e+02   0.000000e+00   3861s
  719081    7.2672034e+01   3.132484e+02   0.000000e+00   3865s
  719799    7.2672035e+01   7.520064e+02   0.000000e+00   3873s
  720158    7.2672035e+01   3.291662e+02   0.000000e+00   3876s
  720517    7.2672035e+01   4.242012e+02   0.000000e+00   3880s
  721235    7.2672036e+01   3.433517e+02   0.000000e+00   3888s
  721594    7.2672036e+01   9.358095e+02   0.000000e+00   3891s
  721953    7.2672037e+01   3.855119e+02   0.000000e+00   3895s
  722671    7.2672037e+01   4.003883e+02   0.000000e+00   3903s
  723030    7.2672038e+01   1.191823e+02   0.000000e+00   3906s
  723389    7.2672038e+01   7.314699e+02   0.000000e+00   3910s
  724107    7.2672038e+01   1.116119e+03   0.000000e+00   3918s
  724466    7.2672039e+01   5.145750e+02   0.000000e+00   3921s
  724825    7.2672039e+01   3.534827e+02   0.000000e+00   3925s
  725543    7.2672040e+01   1.672344e+03   0.000000e+00   3933s
  725902    7.2672040e+01   3.053701e+02   0.000000e+00   3936s
  726261    7.2672040e+01   4.163517e+02   0.000000e+00   3940s
  726979    7.2672041e+01   8.425064e+02   0.000000e+00   3948s
  727338    7.2672041e+01   6.106862e+02   0.000000e+00   3951s
  727697    7.2672042e+01   2.139610e+03   0.000000e+00   3955s
  728415    7.2672042e+01   9.335256e+01   0.000000e+00   3963s
  728774    7.2672042e+01   1.354296e+02   0.000000e+00   3966s
  729133    7.2672043e+01   4.622635e+02   0.000000e+00   3970s
  729851    7.2672043e+01   1.650262e+02   0.000000e+00   3978s
  730210    7.2672043e+01   1.332303e+02   0.000000e+00   3981s
  730569    7.2672044e+01   3.838072e+02   0.000000e+00   3985s
  731287    7.2672044e+01   4.651733e+03   0.000000e+00   3993s
  731646    7.2672044e+01   4.015470e+02   0.000000e+00   3996s
  732005    7.2672045e+01   8.340032e+02   0.000000e+00   4000s
  732723    7.2672045e+01   2.010675e+02   0.000000e+00   4008s
  733082    7.2672046e+01   4.628912e+02   0.000000e+00   4011s
  733441    7.2672046e+01   1.145322e+02   0.000000e+00   4015s
  734159    7.2672046e+01   1.708932e+03   0.000000e+00   4023s
  734518    7.2672047e+01   6.396275e+02   0.000000e+00   4026s
  734877    7.2672047e+01   1.259866e+02   0.000000e+00   4030s
  735595    7.2672048e+01   3.598209e+02   0.000000e+00   4038s
  735954    7.2672048e+01   5.977977e+03   0.000000e+00   4042s
  736313    7.2672048e+01   1.664238e+02   0.000000e+00   4045s
  737031    7.2672049e+01   1.129733e+03   0.000000e+00   4053s
  737390    7.2672049e+01   4.682196e+02   0.000000e+00   4057s
  737749    7.2672049e+01   3.383916e+02   0.000000e+00   4060s
  738467    7.2672050e+01   1.344802e+03   0.000000e+00   4068s
  738826    7.2672050e+01   1.120787e+02   0.000000e+00   4071s
  739185    7.2672050e+01   1.493767e+02   0.000000e+00   4075s
  739903    7.2672051e+01   1.199677e+03   0.000000e+00   4083s
  740262    7.2672051e+01   1.390332e+02   0.000000e+00   4086s
  740621    7.2672051e+01   2.434064e+02   0.000000e+00   4090s
  741339    7.2672052e+01   1.171338e+02   0.000000e+00   4098s
  741698    7.2672052e+01   1.315492e+02   0.000000e+00   4101s
  742416    7.2672053e+01   2.149274e+02   0.000000e+00   4109s
  742775    7.2672053e+01   3.569361e+02   0.000000e+00   4112s
  743134    7.2672053e+01   2.283259e+02   0.000000e+00   4116s
  743852    7.2672054e+01   4.717435e+02   0.000000e+00   4124s
  744211    7.2672054e+01   4.031246e+02   0.000000e+00   4128s
  744570    7.2672054e+01   3.385319e+02   0.000000e+00   4131s
  744929    7.2672054e+01   5.047745e+02   0.000000e+00   4135s
  745647    7.2672055e+01   3.160961e+02   0.000000e+00   4143s
  746006    7.2672055e+01   1.288331e+02   0.000000e+00   4146s
  746365    7.2672056e+01   1.218204e+02   0.000000e+00   4150s
  747083    7.2672056e+01   2.716574e+02   0.000000e+00   4158s
  747442    7.2672056e+01   3.261877e+02   0.000000e+00   4161s
  747801    7.2672057e+01   1.959001e+02   0.000000e+00   4165s
  748519    7.2672057e+01   1.945950e+02   0.000000e+00   4172s
  748878    7.2672058e+01   3.936705e+02   0.000000e+00   4176s
  749596    7.2672058e+01   9.556795e+01   0.000000e+00   4184s
  749955    7.2672058e+01   2.274560e+03   0.000000e+00   4187s
  750314    7.2672058e+01   3.949518e+02   0.000000e+00   4191s
  751032    7.2672059e+01   9.651723e+01   0.000000e+00   4199s
  751391    7.2672059e+01   1.678872e+02   0.000000e+00   4202s
  751750    7.2672060e+01   2.468398e+02   0.000000e+00   4206s
  752468    7.2672060e+01   9.817133e+01   0.000000e+00   4214s
  752827    7.2672060e+01   2.808359e+02   0.000000e+00   4217s
  753186    7.2672061e+01   1.703317e+02   0.000000e+00   4221s
  753904    7.2672061e+01   2.696377e+02   0.000000e+00   4228s
  754263    7.2672061e+01   2.239331e+02   0.000000e+00   4232s
  754622    7.2672062e+01   3.692456e+02   0.000000e+00   4236s
  755340    7.2672062e+01   1.366143e+02   0.000000e+00   4243s
  755699    7.2672062e+01   1.903103e+02   0.000000e+00   4247s
  756058    7.2672063e+01   2.119989e+02   0.000000e+00   4251s
  756776    7.2672063e+01   1.086466e+02   0.000000e+00   4258s
  757135    7.2672063e+01   1.313997e+02   0.000000e+00   4262s
  757494    7.2672063e+01   6.867355e+02   0.000000e+00   4266s
  758212    7.2672064e+01   6.557798e+02   0.000000e+00   4273s
  758571    7.2672064e+01   1.437606e+02   0.000000e+00   4277s
  758930    7.2672064e+01   3.311249e+02   0.000000e+00   4281s
  759648    7.2672065e+01   4.832983e+02   0.000000e+00   4288s
  760007    7.2672065e+01   6.381648e+02   0.000000e+00   4292s
  760366    7.2672065e+01   4.145102e+02   0.000000e+00   4296s
  761084    7.2672065e+01   9.605961e+01   0.000000e+00   4304s
  761443    7.2672066e+01   5.537576e+02   0.000000e+00   4307s
  761802    7.2672066e+01   2.326253e+02   0.000000e+00   4311s
  762520    7.2672066e+01   2.493271e+02   0.000000e+00   4319s
  762879    7.2672066e+01   2.568116e+02   0.000000e+00   4322s
  763238    7.2672067e+01   3.836088e+02   0.000000e+00   4326s
  763597    7.2672067e+01   1.824969e+02   0.000000e+00   4330s
  764315    7.2672067e+01   8.221775e+01   0.000000e+00   4338s
  764674    7.2672067e+01   4.318885e+02   0.000000e+00   4342s
  765033    7.2672067e+01   1.253949e+02   0.000000e+00   4345s
  765751    7.2672068e+01   4.957896e+02   0.000000e+00   4353s
  766110    7.2672068e+01   5.641431e+01   0.000000e+00   4357s
  766469    7.2672068e+01   1.071020e+02   0.000000e+00   4361s
  767187    7.2672069e+01   1.273527e+02   0.000000e+00   4368s
  767546    7.2672069e+01   3.172323e+02   0.000000e+00   4372s
  767905    7.2672069e+01   4.891205e+01   0.000000e+00   4376s
  768623    7.2672069e+01   5.579687e+01   0.000000e+00   4383s
  768982    7.2672069e+01   6.718513e+01   0.000000e+00   4387s
  769341    7.2672070e+01   5.891062e+01   0.000000e+00   4391s
  770059    7.2672070e+01   6.462127e+01   0.000000e+00   4398s
  770418    7.2672070e+01   1.742237e+03   0.000000e+00   4402s
  770777    7.2672070e+01   4.618569e+02   0.000000e+00   4406s
  771495    7.2672071e+01   9.545087e+01   0.000000e+00   4414s
  771854    7.2672071e+01   6.863807e+01   0.000000e+00   4418s
  772213    7.2672071e+01   1.347534e+02   0.000000e+00   4421s
  772572    7.2672071e+01   1.447446e+02   0.000000e+00   4425s
  773290    7.2672071e+01   1.512092e+02   0.000000e+00   4433s
  773649    7.2672071e+01   6.085909e+01   0.000000e+00   4437s
  774008    7.2672072e+01   5.498331e+01   0.000000e+00   4441s
  774726    7.2672072e+01   1.542361e+02   0.000000e+00   4448s
  775085    7.2672072e+01   4.569476e+02   0.000000e+00   4452s
  775444    7.2672072e+01   1.688656e+02   0.000000e+00   4456s
  776162    7.2672073e+01   2.546258e+02   0.000000e+00   4464s
  776521    7.2672073e+01   8.372975e+02   0.000000e+00   4468s
  776880    7.2672073e+01   7.597243e+01   0.000000e+00   4471s
  777239    7.2672073e+01   8.017506e+01   0.000000e+00   4475s
  777957    7.2672073e+01   1.754702e+02   0.000000e+00   4483s
  778316    7.2672074e+01   7.030933e+01   0.000000e+00   4487s
  778675    7.2672074e+01   3.407508e+02   0.000000e+00   4490s
  779393    7.2672074e+01   5.690669e+01   0.000000e+00   4498s
  779752    7.2672074e+01   1.304915e+02   0.000000e+00   4502s
  780111    7.2672074e+01   1.393400e+02   0.000000e+00   4506s
  780829    7.2672075e+01   1.188068e+02   0.000000e+00   4513s
  781188    7.2672075e+01   9.036451e+01   0.000000e+00   4517s
  781547    7.2672075e+01   1.373718e+02   0.000000e+00   4521s
  782265    7.2672075e+01   4.356981e+01   0.000000e+00   4529s
  782624    7.2672075e+01   4.531040e+02   0.000000e+00   4533s
  782983    7.2672076e+01   9.572313e+01   0.000000e+00   4536s
  783342    7.2672076e+01   1.150702e+02   0.000000e+00   4540s
  784060    7.2672076e+01   2.306379e+02   0.000000e+00   4548s
  784419    7.2672076e+01   1.048642e+02   0.000000e+00   4552s
  784778    7.2672076e+01   1.882385e+02   0.000000e+00   4556s
  785496    7.2672077e+01   2.993254e+01   0.000000e+00   4563s
  785855    7.2672077e+01   8.554901e+01   0.000000e+00   4567s
  786214    7.2672077e+01   3.083704e+02   0.000000e+00   4571s
  786932    7.2672077e+01   4.724132e+01   0.000000e+00   4579s
  787291    7.2672077e+01   5.413385e+01   0.000000e+00   4583s
  787650    7.2672077e+01   2.307618e+02   0.000000e+00   4586s
  788009    7.2672078e+01   6.749481e+01   0.000000e+00   4590s
  788727    7.2672078e+01   1.026131e+02   0.000000e+00   4598s
  789086    7.2672078e+01   3.657202e+01   0.000000e+00   4602s
  789445    7.2672078e+01   1.124768e+02   0.000000e+00   4606s
  790163    7.2672078e+01   1.090672e+02   0.000000e+00   4613s
  790522    7.2672078e+01   6.934735e+01   0.000000e+00   4617s
  790881    7.2672078e+01   2.351774e+02   0.000000e+00   4621s
  791599    7.2672079e+01   8.674826e+01   0.000000e+00   4629s
  791958    7.2672079e+01   1.276165e+02   0.000000e+00   4632s
  792317    7.2672079e+01   2.621411e+02   0.000000e+00   4636s
  792676    7.2672079e+01   5.001594e+01   0.000000e+00   4640s
  793394    7.2672079e+01   3.260317e+01   0.000000e+00   4648s
  793753    7.2672079e+01   3.833250e+01   0.000000e+00   4652s
  794112    7.2672080e+01   8.309798e+01   0.000000e+00   4656s
  794830    7.2672080e+01   2.838178e+02   0.000000e+00   4663s
  795189    7.2672080e+01   1.527537e+02   0.000000e+00   4667s
  795548    7.2672081e+01   1.224856e+03   0.000000e+00   4671s
  796266    7.2672081e+01   1.538349e+03   0.000000e+00   4678s
  796625    7.2672082e+01   4.521777e+02   0.000000e+00   4682s
  796984    7.2672082e+01   3.190668e+03   0.000000e+00   4685s
  797702    7.2672082e+01   8.929343e+02   0.000000e+00   4692s
  798061    7.2672083e+01   1.877763e+02   0.000000e+00   4696s
  798779    7.2672083e+01   6.462561e+01   0.000000e+00   4703s
  799138    7.2672083e+01   2.039247e+02   0.000000e+00   4707s
  799497    7.2672083e+01   6.935256e+01   0.000000e+00   4710s
  800215    7.2672083e+01   1.458973e+01   0.000000e+00   4717s
  800574    7.2672083e+01   4.857114e+00   0.000000e+00   4721s
  801236    7.2672083e+01   0.000000e+00   0.000000e+00   4727s

Root relaxation: objective 7.266667e+01, 801236 iterations, 4724.99 seconds
Total elapsed time = 5207.50s
Total elapsed time = 6267.91s
Total elapsed time = 6801.42s
Total elapsed time = 7019.62s

    Nodes    |    Current Node    |     Objective Bounds      |     Work
 Expl Unexpl |  Obj  Depth IntInf | Incumbent    BestBd   Gap | It/Node Time

     0     0   72.66667    0  149          -   72.66667      -     - 7134s
H    0     0                    661176.00000   72.66667   100%     - 7146s
     0     0   72.66667    0  460 661176.000   72.66667   100%     - 9765s
H    0     0                    7498.0000000   72.66667  99.0%     - 9772s
     0     0   72.66667    0  853 7498.00000   72.66667  99.0%     - 12833s
     0     0   72.66667    0 1262 7498.00000   72.66667  99.0%     - 18998s
H    0     0                    6914.0000000   72.66667  98.9%     - 19012s
     0     0   72.66667    0  708 6914.00000   72.66667  98.9%     - 25695s
     0     0   72.66667    0  154 6914.00000   72.66667  98.9%     - 36234s
     0     0   72.66667    0  303 6914.00000   72.66667  98.9%     - 38014s
     0     0   72.66667    0  353 6914.00000   72.66667  98.9%     - 49263s
     0     0   72.66667    0 1036 6914.00000   72.66667  98.9%     - 55997s
     0     0   72.66667    0  253 6914.00000   72.66667  98.9%     - 66041s
H    0     0                    6009.0000000   72.66667  98.8%     - 66050s
     0     0   72.66667    0  935 6009.00000   72.66667  98.8%     - 69461s
     0     0   72.66667    0  409 6009.00000   72.66667  98.8%     - 79999s

Cutting planes:
  Gomory: 2
  Cover: 81
  Implied bound: 233
  Clique: 23
  MIR: 351
  Flow cover: 332
  Zero half: 1
  Mod-K: 1

Explored 0 nodes (12938520 simplex iterations) in 79999.90 seconds
Thread count was 8 (of 8 available processors)

Solve interrupted
Best objective 6.009000000000e+03, best bound 7.266666666667e+01, gap 98.7907%

Solution:
0 32 27 40 48 24 11 35 36 4 1 14 3 2 29 13 12 20 19 18 17 44 15 49 
0 0 0 0 0 0 0 0 0 0 0 0 0 0 0 0 0 0 0 0 0 0 0 0 

Cost: 6009
Lower Bound: 72.6667
