Optimize a model with 7551 rows, 127449 columns and 386560 nonzeros
Model has 2450 quadratic objective terms
Model has 2500 quadratic constraints
Coefficient statistics:
  Matrix range    [1e+00, 1e+03]
  Objective range [0e+00, 0e+00]
  Bounds range    [1e+00, 5e+01]
  RHS range       [1e+00, 1e+04]
Presolve removed 199 rows and 7154 columns
Presolve time: 0.68s
Presolved: 473686 rows, 353437 columns, 1756746 nonzeros
Variable types: 235592 continuous, 117845 integer (117796 binary)

Root simplex log...

Iteration    Objective       Primal Inf.    Dual Inf.      Time
   50401    8.0584165e-04   3.957892e+03   0.000000e+00      5s
   70077    1.1138304e-03   8.723341e+03   0.000000e+00     10s
   77823    1.2019976e-03   5.476742e+03   0.000000e+00     15s
   83601    1.2601282e-03   2.136057e+04   0.000000e+00     21s
   85037    1.2784506e-03   3.406896e+04   0.000000e+00     26s
   87072    1.3059778e-03   5.461921e+04   0.000000e+00     31s
   91305    1.3415169e-03   9.795638e+03   0.000000e+00     35s
   95972    1.3675542e-03   9.116363e+03   0.000000e+00     41s
   99921    1.3877533e-03   9.559174e+03   0.000000e+00     46s
  103870    1.4055151e-03   8.381815e+03   0.000000e+00     50s
  107819    1.4204132e-03   1.566842e+04   0.000000e+00     55s
  109973    1.4304668e-03   8.491448e+03   0.000000e+00     60s
  113204    1.4429879e-03   1.061285e+04   0.000000e+00     66s
  116076    1.4567657e-03   8.585219e+03   0.000000e+00     70s
  118589    1.4654554e-03   1.216642e+04   0.000000e+00     75s
  121461    1.4784498e-03   2.089133e+04   0.000000e+00     80s
  124333    1.4899435e-03   1.198061e+04   0.000000e+00     86s
  128282    1.5074281e-03   1.155036e+04   0.000000e+00     90s
  131154    1.5169276e-03   1.064306e+04   0.000000e+00     95s
  134744    1.5293577e-03   9.559280e+03   0.000000e+00    100s
  138693    1.5429682e-03   8.972909e+03   0.000000e+00    105s
  140847    1.5493550e-03   9.792175e+03   0.000000e+00    111s
  143360    1.5567397e-03   1.015970e+04   0.000000e+00    115s
  146232    1.5634813e-03   1.414593e+04   0.000000e+00    120s
  148386    1.5685322e-03   7.892648e+03   0.000000e+00    126s
  151258    1.5790905e-03   2.956172e+04   0.000000e+00    130s
  154130    1.5848417e-03   9.675376e+03   0.000000e+00    136s
  156643    1.5967715e-03   1.489680e+04   0.000000e+00    141s
  159874    1.6058504e-03   7.861270e+03   0.000000e+00    145s
  163105    1.6159764e-03   2.952570e+04   0.000000e+00    151s
  164900    1.6203334e-03   6.983086e+03   0.000000e+00    155s
  168131    1.6287738e-03   2.182578e+04   0.000000e+00    161s
  169567    1.6323759e-03   2.662619e+04   0.000000e+00    165s
  172439    1.6401404e-03   1.824600e+04   0.000000e+00    170s
  175311    1.6493648e-03   9.717645e+03   0.000000e+00    175s
  177465    1.6544723e-03   1.146148e+04   0.000000e+00    180s
  179619    1.6592595e-03   4.680894e+04   0.000000e+00    185s
  182132    1.6649478e-03   3.551216e+04   0.000000e+00    191s
  183927    1.6687853e-03   1.552807e+04   0.000000e+00    196s
  185363    1.6712315e-03   1.260063e+04   0.000000e+00    200s
  187876    1.6776694e-03   2.097776e+04   0.000000e+00    205s
  189671    1.6839697e-03   1.154046e+04   0.000000e+00    210s
  191825    1.6893416e-03   4.083127e+04   0.000000e+00    216s
  193620    1.6943864e-03   2.626672e+04   0.000000e+00    220s
  195774    1.7006128e-03   1.676167e+04   0.000000e+00    225s
  197928    1.7060814e-03   1.528135e+04   0.000000e+00    231s
  199723    1.7115609e-03   9.665403e+03   0.000000e+00    236s
  202236    1.7196328e-03   9.298275e+03   0.000000e+00    241s
  204031    1.7246739e-03   1.893791e+04   0.000000e+00    246s
  205826    1.7297609e-03   3.265404e+04   0.000000e+00    250s
  207980    1.7362844e-03   1.185707e+04   0.000000e+00    255s
  209775    1.7417680e-03   8.099255e+04   0.000000e+00    260s
  211929    1.7471021e-03   2.244830e+04   0.000000e+00    266s
  213724    1.7508117e-03   3.257295e+04   0.000000e+00    271s
  215519    1.7575256e-03   3.975121e+04   0.000000e+00    276s
  216955    1.7600958e-03   1.427887e+04   0.000000e+00    280s
  218750    1.7668587e-03   2.812708e+04   0.000000e+00    285s
  221622    1.7858434e-03   2.838015e+04   0.000000e+00    290s
  223776    1.7909932e-03   2.678407e+04   0.000000e+00    296s
  225571    1.7935756e-03   8.147897e+04   0.000000e+00    301s
  227725    1.8074870e-03   3.172011e+04   0.000000e+00    306s
  229161    1.8259403e-03   1.500771e+04   0.000000e+00    311s
  230597    1.8438514e-03   3.148589e+04   0.000000e+00    316s
  232392    1.8681045e-03   1.681090e+04   0.000000e+00    321s
  233828    1.8836620e-03   9.508241e+03   0.000000e+00    325s
  235264    1.8928310e-03   2.123047e+04   0.000000e+00    331s
  237059    1.9151325e-03   3.528823e+04   0.000000e+00    336s
  238495    1.9265479e-03   2.974153e+04   0.000000e+00    340s
  239931    1.9392884e-03   3.897878e+04   0.000000e+00    346s
  241367    1.9498510e-03   7.486693e+04   0.000000e+00    351s
  242444    1.9542417e-03   1.640193e+04   0.000000e+00    355s
  243880    1.9647585e-03   1.735355e+04   0.000000e+00    361s
  244957    1.9688050e-03   6.352250e+04   0.000000e+00    365s
  246393    1.9782877e-03   2.041926e+04   0.000000e+00    370s
  247829    1.9866240e-03   6.024468e+04   0.000000e+00    376s
  248906    1.9918868e-03   4.240918e+04   0.000000e+00    380s
  251419    2.0482330e-03   3.941470e+04   0.000000e+00    386s
  252855    2.0564535e-03   4.043403e+04   0.000000e+00    391s
  253932    2.0628836e-03   2.170532e+04   0.000000e+00    395s
  255368    2.0696965e-03   1.184021e+04   0.000000e+00    401s
  256445    2.0745483e-03   9.991651e+04   0.000000e+00    406s
  257522    2.0790025e-03   3.309890e+04   0.000000e+00    411s
  258958    2.0867892e-03   1.881758e+04   0.000000e+00    415s
  260035    2.0910757e-03   3.218118e+04   0.000000e+00    421s
  261471    2.1018241e-03   3.030258e+04   0.000000e+00    426s
  262907    2.1058664e-03   6.787516e+03   0.000000e+00    431s
  263984    2.1142002e-03   3.196792e+04   0.000000e+00    436s
  265061    2.1178733e-03   1.427315e+05   0.000000e+00    441s
  266138    2.1240821e-03   1.306504e+05   0.000000e+00    445s
  267215    2.1280717e-03   1.972690e+04   0.000000e+00    450s
  268292    2.1319464e-03   2.125292e+04   0.000000e+00    456s
  269369    2.1362743e-03   1.073335e+04   0.000000e+00    461s
  271164    2.1636264e-03   3.045687e+04   0.000000e+00    466s
  272241    2.1689414e-03   4.413971e+04   0.000000e+00    471s
  273318    2.1748879e-03   1.753734e+04   0.000000e+00    475s
  274754    2.1867180e-03   4.817212e+04   0.000000e+00    480s
  276190    2.1973334e-03   3.268431e+04   0.000000e+00    485s
  277985    2.2191774e-03   8.788513e+03   0.000000e+00    491s
  279421    2.2254316e-03   4.499490e+04   0.000000e+00    497s
  280498    2.2292816e-03   2.135911e+04   0.000000e+00    501s
  281934    2.2374960e-03   1.137773e+04   0.000000e+00    506s
  283370    2.2709137e-03   3.396419e+04   0.000000e+00    510s
  285165    2.2988511e-03   1.774006e+05   0.000000e+00    515s
  287319    2.3196670e-03   3.245042e+04   0.000000e+00    521s
  288755    2.3254431e-03   1.254367e+05   0.000000e+00    525s
  290191    2.3333645e-03   8.677294e+04   0.000000e+00    530s
  291627    2.3394256e-03   2.007802e+04   0.000000e+00    536s
  293063    2.3667579e-03   1.096121e+04   0.000000e+00    541s
  294499    2.3751921e-03   1.646460e+04   0.000000e+00    545s
  295935    2.3882214e-03   3.314743e+04   0.000000e+00    550s
  297371    2.3938293e-03   8.390855e+03   0.000000e+00    555s
  298807    2.3994568e-03   9.252388e+03   0.000000e+00    560s
  300243    2.4034916e-03   1.406365e+04   0.000000e+00    567s
  301320    2.4065919e-03   1.026681e+04   0.000000e+00    571s
  302756    2.4435752e-03   1.020990e+04   0.000000e+00    575s
  304910    2.4528191e-03   2.797735e+04   0.000000e+00    581s
  305987    2.4560447e-03   1.533935e+05   0.000000e+00    587s
  307064    2.4615595e-03   1.069131e+05   0.000000e+00    591s
  308141    2.4637438e-03   1.037780e+05   0.000000e+00    596s
  309218    2.4670190e-03   9.881741e+03   0.000000e+00    601s
  310295    2.4694762e-03   2.789259e+04   0.000000e+00    606s
  311372    2.4716743e-03   1.459648e+04   0.000000e+00    611s
  312449    2.4741718e-03   1.863198e+04   0.000000e+00    616s
  313526    2.4826602e-03   3.002832e+04   0.000000e+00    620s
  314962    2.4935882e-03   2.211749e+05   0.000000e+00    626s
  316039    2.4968131e-03   8.149956e+04   0.000000e+00    631s
  317116    2.5002745e-03   5.383979e+04   0.000000e+00    636s
  318552    2.5093494e-03   1.063661e+05   0.000000e+00    641s
  319629    2.5126757e-03   3.574754e+04   0.000000e+00    646s
  320706    2.5175041e-03   3.720924e+04   0.000000e+00    650s
  322142    2.5244619e-03   3.223262e+04   0.000000e+00    655s
  323937    2.5398371e-03   1.822638e+05   0.000000e+00    661s
  325373    2.5459438e-03   7.691851e+03   0.000000e+00    666s
  326450    2.5480782e-03   2.961505e+04   0.000000e+00    671s
  327886    2.5546087e-03   2.353382e+04   0.000000e+00    676s
  328963    2.5578310e-03   1.419097e+04   0.000000e+00    681s
  330040    2.5660301e-03   4.399886e+04   0.000000e+00    685s
  331476    2.5744280e-03   3.844066e+04   0.000000e+00    691s
  332553    2.5800498e-03   6.820562e+04   0.000000e+00    695s
  333989    2.5840470e-03   2.087755e+05   0.000000e+00    701s
  335066    2.5874886e-03   1.182008e+04   0.000000e+00    705s
  336502    2.5958828e-03   3.581772e+04   0.000000e+00    710s
  338297    2.6103819e-03   1.811271e+04   0.000000e+00    715s
  340092    2.6161086e-03   5.201297e+04   0.000000e+00    722s
  341169    2.6207405e-03   1.081716e+04   0.000000e+00    726s
  342605    2.6275801e-03   2.173683e+04   0.000000e+00    731s
  344041    2.6428629e-03   2.605053e+04   0.000000e+00    735s
  345477    2.6541297e-03   1.186336e+05   0.000000e+00    740s
  346913    2.6608677e-03   2.892625e+04   0.000000e+00    746s
  348349    2.6721192e-03   3.196235e+04   0.000000e+00    751s
  349426    2.6756814e-03   2.586586e+04   0.000000e+00    755s
  350862    2.6950863e-03   2.626555e+04   0.000000e+00    760s
  352298    2.6993030e-03   2.827122e+04   0.000000e+00    766s
  353375    2.7058970e-03   4.427762e+04   0.000000e+00    771s
  354811    2.7118010e-03   3.239462e+04   0.000000e+00    777s
  355888    2.7152446e-03   3.813449e+04   0.000000e+00    782s
  356965    2.7180530e-03   9.406446e+04   0.000000e+00    787s
  358401    2.7291487e-03   5.551915e+04   0.000000e+00    792s
  359478    2.7368797e-03   1.823321e+04   0.000000e+00    796s
  360555    2.7404681e-03   1.691266e+04   0.000000e+00    800s
  361991    2.7442905e-03   1.580468e+04   0.000000e+00    807s
  363068    2.7511725e-03   7.965260e+03   0.000000e+00    811s
  364145    2.7537789e-03   1.863414e+04   0.000000e+00    816s
  365940    2.7680783e-03   1.825150e+04   0.000000e+00    821s
  367017    2.7705077e-03   4.741801e+04   0.000000e+00    826s
  368094    2.7738419e-03   1.087651e+04   0.000000e+00    831s
  369171    2.7771800e-03   6.231406e+04   0.000000e+00    836s
  370607    2.7913938e-03   1.889558e+05   0.000000e+00    840s
  373120    2.8058392e-03   1.063482e+06   0.000000e+00    846s
  374197    2.8091081e-03   1.133535e+05   0.000000e+00    850s
  375274    2.8136286e-03   6.167096e+04   0.000000e+00    855s
  376710    2.8235414e-03   8.982669e+03   0.000000e+00    860s
  377787    2.8290557e-03   6.700541e+03   0.000000e+00    865s
  379223    2.8445432e-03   5.595834e+04   0.000000e+00    871s
  380300    2.8476559e-03   1.088974e+05   0.000000e+00    875s
  381736    2.8511706e-03   1.946021e+04   0.000000e+00    882s
  382813    2.8560504e-03   8.157519e+03   0.000000e+00    885s
  383890    2.8597067e-03   5.959400e+03   0.000000e+00    890s
  385326    2.8636897e-03   7.761685e+03   0.000000e+00    897s
  386403    2.8672547e-03   3.167299e+04   0.000000e+00    901s
  387480    2.8699166e-03   1.872335e+04   0.000000e+00    906s
  388916    2.8747539e-03   2.369770e+04   0.000000e+00    911s
  389993    2.8829661e-03   4.689329e+04   0.000000e+00    915s
  391070    2.8862072e-03   1.226001e+04   0.000000e+00    920s
  392506    2.8902670e-03   1.818756e+04   0.000000e+00    925s
  393583    2.8941986e-03   2.218633e+05   0.000000e+00    931s
  395019    2.9006954e-03   6.168480e+04   0.000000e+00    936s
  396814    2.9120150e-03   1.508698e+04   0.000000e+00    942s
  397891    2.9144534e-03   2.400467e+04   0.000000e+00    947s
  398968    2.9195432e-03   2.560193e+04   0.000000e+00    950s
  400045    2.9236324e-03   2.512726e+04   0.000000e+00    955s
  401481    2.9292642e-03   1.157040e+05   0.000000e+00    961s
  402917    2.9341034e-03   4.012618e+04   0.000000e+00    966s
  403994    2.9364195e-03   4.322662e+04   0.000000e+00    972s
  405071    2.9388694e-03   2.759166e+04   0.000000e+00    976s
  406866    2.9721055e-03   3.123159e+04   0.000000e+00    981s
  408661    2.9826509e-03   2.024110e+04   0.000000e+00    986s
  410097    2.9929298e-03   4.675039e+03   0.000000e+00    990s
  411174    2.9964615e-03   6.354381e+03   0.000000e+00    996s
  412251    2.9990938e-03   1.134032e+04   0.000000e+00   1001s
  413328    3.0016462e-03   5.528082e+03   0.000000e+00   1006s
  414046    3.0031634e-03   1.879096e+05   0.000000e+00   1010s
  415123    3.0053096e-03   4.351799e+04   0.000000e+00   1017s
  415841    3.0071338e-03   1.320501e+04   0.000000e+00   1020s
  416918    3.0101761e-03   5.675899e+04   0.000000e+00   1025s
  417995    3.0122838e-03   1.369344e+04   0.000000e+00   1031s
  419072    3.0152364e-03   1.257627e+04   0.000000e+00   1036s
  420149    3.0169103e-03   4.448692e+04   0.000000e+00   1042s
  420867    3.0186326e-03   2.963984e+04   0.000000e+00   1046s
  421944    3.0209038e-03   1.980804e+04   0.000000e+00   1052s
  422662    3.0223723e-03   2.403803e+04   0.000000e+00   1056s
  423739    3.0245390e-03   1.054571e+04   0.000000e+00   1061s
  424457    3.0260344e-03   2.111009e+04   0.000000e+00   1065s
  425534    3.0324370e-03   3.687494e+04   0.000000e+00   1070s
  426970    3.0390627e-03   7.864104e+04   0.000000e+00   1076s
  428047    3.0421239e-03   1.559995e+04   0.000000e+00   1081s
  429124    3.0441651e-03   1.315071e+04   0.000000e+00   1086s
  430201    3.0470360e-03   6.081036e+04   0.000000e+00   1091s
  431637    3.0526360e-03   1.337244e+04   0.000000e+00   1096s
  432714    3.0557943e-03   2.008882e+04   0.000000e+00   1101s
  434509    3.0650289e-03   5.567225e+04   0.000000e+00   1105s
  435945    3.0790023e-03   1.642099e+04   0.000000e+00   1111s
  437022    3.0822701e-03   1.595039e+04   0.000000e+00   1116s
  438099    3.0848197e-03   1.219680e+04   0.000000e+00   1121s
  439176    3.0879925e-03   3.443555e+04   0.000000e+00   1126s
  440253    3.0907149e-03   5.447055e+04   0.000000e+00   1130s
  442048    3.1077786e-03   2.314573e+04   0.000000e+00   1135s
  443843    3.1155070e-03   2.741034e+05   0.000000e+00   1141s
  444561    3.1176701e-03   7.901096e+03   0.000000e+00   1145s
  445638    3.1205151e-03   1.292907e+04   0.000000e+00   1150s
  446715    3.1236366e-03   8.248917e+03   0.000000e+00   1155s
  448151    3.1281201e-03   2.304404e+04   0.000000e+00   1162s
  449587    3.1472976e-03   3.363648e+04   0.000000e+00   1166s
  450664    3.1512194e-03   6.798602e+03   0.000000e+00   1170s
  452100    3.1573405e-03   1.939259e+05   0.000000e+00   1175s
  453536    3.1703735e-03   2.354087e+05   0.000000e+00   1180s
  454613    3.1726290e-03   8.879065e+03   0.000000e+00   1185s
  455690    3.1746408e-03   5.506102e+04   0.000000e+00   1190s
  456767    3.1768508e-03   3.975088e+04   0.000000e+00   1195s
  457844    3.1794147e-03   6.448928e+03   0.000000e+00   1200s
  458921    3.1817132e-03   2.141981e+04   0.000000e+00   1206s
  459998    3.1843073e-03   7.257852e+03   0.000000e+00   1211s
  461075    3.1889058e-03   1.241978e+04   0.000000e+00   1215s
  462511    3.1924921e-03   3.572208e+03   0.000000e+00   1221s
  463588    3.1945066e-03   2.207890e+04   0.000000e+00   1227s
  464306    3.1960597e-03   3.024785e+04   0.000000e+00   1231s
  465383    3.2013519e-03   9.407550e+03   0.000000e+00   1236s
  466819    3.2097125e-03   5.883566e+04   0.000000e+00   1241s
  467896    3.2138043e-03   8.035876e+03   0.000000e+00   1246s
  468973    3.2159170e-03   2.660869e+04   0.000000e+00   1251s
  470050    3.2197477e-03   2.839484e+04   0.000000e+00   1256s
  471127    3.2224193e-03   9.705333e+03   0.000000e+00   1262s
  471845    3.2260850e-03   1.553956e+04   0.000000e+00   1265s
  472922    3.2288195e-03   2.332916e+04   0.000000e+00   1271s
  473999    3.2412088e-03   1.779723e+04   0.000000e+00   1276s
  475076    3.2433854e-03   4.433126e+04   0.000000e+00   1281s
  476153    3.2459966e-03   3.468967e+04   0.000000e+00   1286s
  477230    3.2480357e-03   7.878016e+03   0.000000e+00   1292s
  477948    3.2499252e-03   1.632698e+04   0.000000e+00   1295s
  479025    3.2524710e-03   5.200175e+04   0.000000e+00   1301s
  480461    3.2672596e-03   7.200518e+03   0.000000e+00   1306s
  481538    3.2695923e-03   1.708834e+04   0.000000e+00   1312s
  482256    3.2708921e-03   4.561727e+03   0.000000e+00   1316s
  482974    3.2722114e-03   1.376463e+04   0.000000e+00   1320s
  484051    3.2740983e-03   2.164136e+04   0.000000e+00   1326s
  484769    3.2751550e-03   2.766992e+04   0.000000e+00   1330s
  485846    3.2774490e-03   1.388742e+04   0.000000e+00   1337s
  486564    3.2794954e-03   2.845219e+04   0.000000e+00   1341s
  487641    3.2815051e-03   2.094415e+04   0.000000e+00   1346s
  488359    3.2828523e-03   3.433898e+04   0.000000e+00   1350s
  489436    3.2868048e-03   2.479781e+04   0.000000e+00   1355s
  490872    3.3093246e-03   1.521302e+04   0.000000e+00   1362s
  491949    3.3116993e-03   9.775926e+03   0.000000e+00   1366s
  492667    3.3128524e-03   1.639516e+04   0.000000e+00   1371s
  493744    3.3152790e-03   1.074547e+04   0.000000e+00   1377s
  494462    3.3167148e-03   3.999724e+04   0.000000e+00   1381s
  495180    3.3182684e-03   9.588208e+03   0.000000e+00   1385s
  496257    3.3202131e-03   1.473190e+04   0.000000e+00   1391s
  497334    3.3218412e-03   6.285660e+04   0.000000e+00   1397s
  498052    3.3228941e-03   6.276187e+03   0.000000e+00   1401s
  498770    3.3243499e-03   1.386027e+04   0.000000e+00   1405s
  499847    3.3259744e-03   2.069132e+04   0.000000e+00   1411s
  500924    3.3278627e-03   1.179759e+04   0.000000e+00   1417s
  501642    3.3288795e-03   1.642883e+04   0.000000e+00   1421s
  502719    3.3306560e-03   1.907718e+04   0.000000e+00   1426s
  503796    3.3325531e-03   8.963765e+03   0.000000e+00   1431s
  504514    3.3339984e-03   3.328471e+04   0.000000e+00   1435s
  505591    3.3357299e-03   8.207693e+03   0.000000e+00   1441s
  506309    3.3368299e-03   5.493262e+04   0.000000e+00   1445s
  507386    3.3382783e-03   2.331138e+04   0.000000e+00   1451s
  508104    3.3394771e-03   1.232136e+04   0.000000e+00   1455s
  509181    3.3411383e-03   8.741310e+03   0.000000e+00   1461s
  509899    3.3420725e-03   3.461929e+03   0.000000e+00   1466s
  510976    3.3608516e-03   9.258030e+03   0.000000e+00   1471s
  512053    3.3817134e-03   1.222613e+04   0.000000e+00   1476s
  513130    3.3975624e-03   7.222806e+03   0.000000e+00   1482s
  513848    3.4032636e-03   6.331647e+03   0.000000e+00   1486s
  514566    3.4114685e-03   1.316202e+04   0.000000e+00   1491s
  515643    3.4224232e-03   5.170800e+03   0.000000e+00   1497s
  516361    3.4284810e-03   5.354484e+04   0.000000e+00   1501s
  517079    3.4336246e-03   9.876797e+03   0.000000e+00   1505s
  518156    3.4416825e-03   9.348175e+03   0.000000e+00   1512s
  518874    3.4460883e-03   5.426430e+03   0.000000e+00   1517s
  519592    3.4505505e-03   3.114635e+03   0.000000e+00   1522s
  520310    3.4534956e-03   4.955390e+03   0.000000e+00   1527s
  521028    3.4638563e-03   6.400792e+03   0.000000e+00   1532s
  521746    3.4673188e-03   3.565701e+03   0.000000e+00   1537s
  522464    3.4718615e-03   1.681748e+04   0.000000e+00   1542s
  523182    3.4752502e-03   5.176164e+03   0.000000e+00   1547s
  523900    3.4790611e-03   6.602636e+04   0.000000e+00   1552s
  524618    3.4825939e-03   7.247319e+03   0.000000e+00   1557s
  525336    3.4868389e-03   9.786247e+03   0.000000e+00   1561s
  526054    3.4897746e-03   5.713279e+03   0.000000e+00   1567s
  526772    3.4924502e-03   2.862179e+03   0.000000e+00   1572s
  527131    3.4964687e-03   5.881246e+03   0.000000e+00   1575s
  528208    3.5077381e-03   7.914265e+03   0.000000e+00   1582s
  528926    3.5122390e-03   2.306045e+04   0.000000e+00   1587s
  529644    3.5157082e-03   3.068477e+03   0.000000e+00   1592s
  530362    3.5266635e-03   4.565821e+03   0.000000e+00   1597s
  531080    3.5295154e-03   1.873984e+04   0.000000e+00   1602s
  531798    3.5320017e-03   1.075084e+04   0.000000e+00   1607s
  532516    3.5348887e-03   9.772474e+03   0.000000e+00   1613s
  532875    3.5361747e-03   1.210277e+04   0.000000e+00   1616s
  533593    3.5404919e-03   8.290225e+03   0.000000e+00   1621s
  534311    3.5445687e-03   7.346633e+03   0.000000e+00   1626s
  535029    3.5493660e-03   7.511071e+03   0.000000e+00   1631s
  535747    3.5540965e-03   1.822151e+04   0.000000e+00   1636s
  536465    3.5579252e-03   1.841731e+04   0.000000e+00   1641s
  537183    3.5604547e-03   2.218269e+04   0.000000e+00   1648s
  537901    3.5917438e-03   1.054859e+04   0.000000e+00   1652s
  538619    3.6030637e-03   1.230530e+04   0.000000e+00   1656s
  539337    3.6099634e-03   3.052376e+04   0.000000e+00   1661s
  540414    3.6208808e-03   7.212957e+03   0.000000e+00   1666s
  541132    3.6241975e-03   8.843961e+03   0.000000e+00   1672s
  541850    3.6276495e-03   2.544511e+04   0.000000e+00   1677s
  542568    3.6319066e-03   1.239455e+04   0.000000e+00   1681s
  543286    3.6352125e-03   1.418224e+04   0.000000e+00   1687s
  544004    3.6391829e-03   4.832539e+03   0.000000e+00   1692s
  544363    3.6404610e-03   9.389610e+03   0.000000e+00   1695s
  545081    3.6432506e-03   1.066797e+04   0.000000e+00   1701s
  545799    3.6465869e-03   1.583862e+04   0.000000e+00   1707s
  546517    3.6528893e-03   5.986434e+03   0.000000e+00   1711s
  547235    3.6580025e-03   5.039581e+03   0.000000e+00   1715s
  547953    3.6624249e-03   8.497294e+03   0.000000e+00   1720s
  548671    3.6656119e-03   1.987085e+04   0.000000e+00   1726s
  549389    3.6695495e-03   4.555191e+03   0.000000e+00   1730s
  550466    3.6758393e-03   7.416097e+03   0.000000e+00   1737s
  551184    3.6789249e-03   2.637078e+04   0.000000e+00   1742s
  551902    3.6836047e-03   1.276476e+04   0.000000e+00   1748s
  552261    3.6853804e-03   3.389651e+03   0.000000e+00   1751s
  552979    3.6897623e-03   1.775142e+04   0.000000e+00   1755s
  553697    3.6930661e-03   8.381262e+03   0.000000e+00   1760s
  554415    3.6965188e-03   9.342549e+03   0.000000e+00   1766s
  555133    3.6995090e-03   6.364028e+03   0.000000e+00   1771s
  555851    3.7022531e-03   8.447166e+03   0.000000e+00   1776s
  556569    3.7049582e-03   7.438674e+03   0.000000e+00   1782s
  557287    3.7072601e-03   7.029247e+03   0.000000e+00   1787s
  557646    3.7087043e-03   4.443985e+03   0.000000e+00   1790s
  558364    3.7111731e-03   1.072211e+04   0.000000e+00   1796s
  559082    3.7134670e-03   5.010278e+03   0.000000e+00   1802s
  559800    3.7167621e-03   3.189967e+03   0.000000e+00   1807s
  560518    3.7193848e-03   3.243193e+03   0.000000e+00   1812s
  560877    3.7207361e-03   2.973134e+03   0.000000e+00   1815s
  561595    3.7231458e-03   2.632686e+03   0.000000e+00   1821s
  562313    3.7257107e-03   1.038738e+04   0.000000e+00   1826s
  563031    3.7275432e-03   6.305468e+03   0.000000e+00   1831s
  563749    3.7300233e-03   4.122328e+03   0.000000e+00   1837s
  564467    3.7323362e-03   1.067920e+04   0.000000e+00   1843s
  564826    3.7339802e-03   1.196284e+04   0.000000e+00   1845s
  565544    3.7359269e-03   4.519298e+03   0.000000e+00   1851s
  566262    3.7384161e-03   5.334331e+03   0.000000e+00   1857s
  566980    3.7408000e-03   9.131667e+03   0.000000e+00   1863s
  567339    3.7417889e-03   5.208778e+03   0.000000e+00   1865s
  568057    3.7666396e-03   7.993468e+03   0.000000e+00   1871s
  568775    3.7810437e-03   5.506184e+03   0.000000e+00   1876s
  569493    3.7835189e-03   3.362456e+03   0.000000e+00   1882s
  570211    3.7861817e-03   1.220109e+04   0.000000e+00   1888s
  570570    3.7871483e-03   5.060409e+03   0.000000e+00   1891s
  571288    3.7893254e-03   4.423988e+03   0.000000e+00   1897s
  572006    3.7913006e-03   1.737485e+03   0.000000e+00   1902s
  572365    3.7928224e-03   2.744182e+03   0.000000e+00   1905s
  573083    3.7947696e-03   6.213886e+03   0.000000e+00   1911s
  573801    3.7982664e-03   1.546023e+04   0.000000e+00   1917s
  574519    3.8043220e-03   8.069514e+03   0.000000e+00   1921s
  575237    3.8125391e-03   1.781202e+04   0.000000e+00   1926s
  575955    3.8155578e-03   2.268008e+04   0.000000e+00   1931s
  576673    3.8190128e-03   9.775839e+03   0.000000e+00   1936s
  577391    3.8218012e-03   8.635493e+03   0.000000e+00   1942s
  578109    3.8266293e-03   2.372909e+04   0.000000e+00   1947s
  578827    3.8456174e-03   7.443105e+03   0.000000e+00   1950s
  579904    3.8497005e-03   2.863851e+03   0.000000e+00   1958s
  580263    3.8508436e-03   7.081658e+03   0.000000e+00   1961s
  580981    3.8533453e-03   2.420220e+04   0.000000e+00   1966s
  581699    3.8564927e-03   5.693998e+03   0.000000e+00   1971s
  582417    3.8638597e-03   7.608919e+03   0.000000e+00   1977s
  583135    3.8663342e-03   1.354179e+04   0.000000e+00   1982s
  583494    3.8763433e-03   9.831153e+03   0.000000e+00   1985s
  584212    3.8790633e-03   2.534080e+04   0.000000e+00   1990s
  584930    3.8849359e-03   9.301889e+03   0.000000e+00   1996s
  585648    3.8907269e-03   1.653234e+04   0.000000e+00   2000s
  586366    3.8939356e-03   1.158890e+04   0.000000e+00   2006s
  587084    3.8965790e-03   5.609462e+03   0.000000e+00   2012s
  587802    3.8990353e-03   1.433463e+04   0.000000e+00   2018s
  588161    3.9003862e-03   4.518615e+03   0.000000e+00   2020s
  588879    3.9053392e-03   6.997560e+03   0.000000e+00   2026s
  589597    3.9074539e-03   3.598754e+03   0.000000e+00   2032s
  589956    3.9084415e-03   1.949884e+03   0.000000e+00   2035s
  590674    3.9106879e-03   7.002733e+03   0.000000e+00   2041s
  591392    3.9127064e-03   4.538699e+03   0.000000e+00   2047s
  592110    3.9147656e-03   1.792959e+04   0.000000e+00   2053s
  592469    3.9156545e-03   7.699453e+03   0.000000e+00   2056s
  593187    3.9179492e-03   3.671496e+03   0.000000e+00   2062s
  593905    3.9198717e-03   7.671153e+03   0.000000e+00   2068s
  594264    3.9207871e-03   6.571565e+03   0.000000e+00   2071s
  594982    3.9228100e-03   3.247889e+03   0.000000e+00   2077s
  595341    3.9236472e-03   4.647248e+03   0.000000e+00   2080s
  596059    3.9253861e-03   3.485757e+03   0.000000e+00   2086s
  596777    3.9272696e-03   4.420621e+03   0.000000e+00   2092s
  597495    3.9288372e-03   1.880140e+03   0.000000e+00   2098s
  597854    3.9297981e-03   5.212315e+03   0.000000e+00   2101s
  598572    3.9314736e-03   3.620818e+03   0.000000e+00   2107s
  598931    3.9323742e-03   6.385657e+03   0.000000e+00   2110s
  599649    3.9341765e-03   5.412412e+03   0.000000e+00   2116s
  600367    3.9359297e-03   1.791631e+03   0.000000e+00   2122s
  600726    3.9368273e-03   1.577482e+04   0.000000e+00   2125s
  601444    3.9385925e-03   2.533720e+03   0.000000e+00   2131s
  602162    3.9401467e-03   2.930789e+03   0.000000e+00   2138s
  602521    3.9408969e-03   2.425623e+03   0.000000e+00   2141s
  603239    3.9424484e-03   3.910471e+03   0.000000e+00   2147s
  603598    3.9431685e-03   2.619940e+03   0.000000e+00   2150s
  604316    3.9445267e-03   9.131869e+03   0.000000e+00   2157s
  605034    3.9461784e-03   1.299488e+04   0.000000e+00   2163s
  605393    3.9469391e-03   2.237713e+03   0.000000e+00   2166s
  606111    3.9484890e-03   2.125931e+03   0.000000e+00   2172s
  606829    3.9502052e-03   7.200349e+03   0.000000e+00   2178s
  607188    3.9510114e-03   5.283044e+03   0.000000e+00   2181s
  607906    3.9526693e-03   2.781969e+03   0.000000e+00   2187s
  608265    3.9533382e-03   3.807070e+03   0.000000e+00   2191s
  608983    3.9547893e-03   2.478056e+03   0.000000e+00   2197s
  609342    3.9555295e-03   4.586235e+03   0.000000e+00   2200s
  610060    3.9573831e-03   1.825430e+03   0.000000e+00   2206s
  610778    3.9588688e-03   6.330552e+03   0.000000e+00   2213s
  611137    3.9595700e-03   1.543796e+03   0.000000e+00   2216s
  611855    3.9611798e-03   5.126800e+03   0.000000e+00   2222s
  612214    3.9619889e-03   5.950090e+03   0.000000e+00   2225s
  612932    3.9633744e-03   2.154543e+03   0.000000e+00   2232s
  613650    3.9654040e-03   3.907583e+03   0.000000e+00   2238s
  614009    3.9663021e-03   2.589154e+03   0.000000e+00   2241s
  614727    3.9676732e-03   9.339648e+03   0.000000e+00   2248s
  615086    3.9684537e-03   5.174996e+03   0.000000e+00   2251s
  615804    3.9701582e-03   7.477083e+03   0.000000e+00   2257s
  616163    3.9709355e-03   2.665496e+03   0.000000e+00   2260s
  616881    3.9759906e-03   4.744434e+03   0.000000e+00   2266s
  617599    3.9780958e-03   3.537321e+03   0.000000e+00   2271s
  618317    3.9800123e-03   5.952649e+03   0.000000e+00   2277s
  618676    3.9810629e-03   2.304424e+04   0.000000e+00   2280s
  619394    3.9830883e-03   4.218856e+03   0.000000e+00   2286s
  620112    3.9847211e-03   1.147276e+04   0.000000e+00   2291s
  620830    3.9863285e-03   4.431114e+03   0.000000e+00   2297s
  621189    3.9873643e-03   9.141420e+03   0.000000e+00   2300s
  621907    3.9889713e-03   2.890770e+03   0.000000e+00   2306s
  622625    3.9908054e-03   3.819829e+03   0.000000e+00   2312s
  622984    3.9917143e-03   3.252566e+03   0.000000e+00   2316s
  623702    3.9931629e-03   9.644232e+03   0.000000e+00   2322s
  624420    3.9948165e-03   5.558246e+03   0.000000e+00   2328s
  624779    3.9956918e-03   1.384053e+04   0.000000e+00   2331s
  625497    3.9973553e-03   6.689752e+03   0.000000e+00   2338s
  625856    3.9981381e-03   9.746257e+03   0.000000e+00   2341s
  626574    3.9996309e-03   4.973151e+03   0.000000e+00   2347s
  626933    4.0006496e-03   1.637196e+04   0.000000e+00   2350s
  627651    4.0021420e-03   3.078889e+03   0.000000e+00   2356s
  628369    4.0037804e-03   6.359475e+03   0.000000e+00   2362s
  628728    4.0045947e-03   6.748613e+03   0.000000e+00   2365s
  629446    4.0062008e-03   5.540612e+03   0.000000e+00   2371s
  630164    4.0079962e-03   5.522613e+03   0.000000e+00   2378s
  630523    4.0087515e-03   2.564170e+03   0.000000e+00   2381s
  631241    4.0105091e-03   1.157500e+03   0.000000e+00   2387s
  631959    4.0119099e-03   5.101508e+03   0.000000e+00   2393s
  632318    4.0125549e-03   5.598198e+03   0.000000e+00   2396s
  633036    4.0142893e-03   2.528762e+03   0.000000e+00   2403s
  633395    4.0152401e-03   3.507496e+03   0.000000e+00   2406s
  634113    4.0167256e-03   7.544044e+03   0.000000e+00   2412s
  634831    4.0182540e-03   5.325433e+03   0.000000e+00   2418s
  635190    4.0190095e-03   3.498296e+03   0.000000e+00   2421s
  635908    4.0378824e-03   8.008227e+04   0.000000e+00   2426s
  636626    4.0396726e-03   9.642548e+03   0.000000e+00   2431s
  637344    4.0416032e-03   4.179297e+03   0.000000e+00   2437s
  638062    4.0445742e-03   4.232450e+03   0.000000e+00   2442s
  638421    4.0452522e-03   5.250814e+03   0.000000e+00   2445s
  639139    4.0468687e-03   3.758861e+03   0.000000e+00   2451s
  639857    4.0486260e-03   2.556875e+03   0.000000e+00   2458s
  640216    4.0494244e-03   8.953756e+03   0.000000e+00   2461s
  640934    4.0509481e-03   2.038893e+03   0.000000e+00   2467s
  641293    4.0517457e-03   3.191901e+03   0.000000e+00   2470s
  642011    4.0530153e-03   3.866619e+04   0.000000e+00   2476s
  642729    4.0544756e-03   4.182397e+03   0.000000e+00   2483s
  643088    4.0552229e-03   5.663016e+03   0.000000e+00   2486s
  643806    4.0567299e-03   2.071422e+03   0.000000e+00   2492s
  644165    4.0573173e-03   8.153158e+03   0.000000e+00   2495s
  644883    4.0587414e-03   2.095927e+03   0.000000e+00   2502s
  645601    4.0601988e-03   2.911643e+03   0.000000e+00   2508s
  645960    4.0608680e-03   6.038573e+03   0.000000e+00   2511s
  646678    4.0623902e-03   3.980067e+03   0.000000e+00   2517s
  647037    4.0631834e-03   1.715243e+04   0.000000e+00   2520s
  647755    4.0646263e-03   1.894249e+03   0.000000e+00   2526s
  648473    4.0660057e-03   7.234440e+03   0.000000e+00   2533s
  648832    4.0666841e-03   9.216620e+03   0.000000e+00   2536s
  649550    4.0680551e-03   3.499288e+03   0.000000e+00   2542s
  650268    4.0693861e-03   1.383925e+04   0.000000e+00   2548s
  650627    4.0703564e-03   2.293725e+03   0.000000e+00   2550s
  651345    4.0716214e-03   3.853688e+03   0.000000e+00   2556s
  652063    4.0729344e-03   2.122482e+03   0.000000e+00   2562s
  652781    4.0743374e-03   3.156239e+03   0.000000e+00   2568s
  653140    4.0753493e-03   1.202632e+03   0.000000e+00   2571s
  653858    4.0765402e-03   2.982698e+03   0.000000e+00   2577s
  654576    4.0776981e-03   2.485351e+03   0.000000e+00   2583s
  654935    4.0783409e-03   2.352085e+03   0.000000e+00   2586s
  655653    4.0796854e-03   6.234097e+03   0.000000e+00   2593s
  656012    4.0804039e-03   6.212430e+03   0.000000e+00   2596s
  656730    4.0817855e-03   1.860238e+04   0.000000e+00   2602s
  657089    4.0824206e-03   2.450147e+03   0.000000e+00   2605s
  657807    4.0839583e-03   3.298807e+03   0.000000e+00   2612s
  658525    4.0854573e-03   2.867373e+03   0.000000e+00   2618s
  658884    4.0862380e-03   1.568504e+03   0.000000e+00   2620s
  659602    4.0876312e-03   2.259568e+03   0.000000e+00   2627s
  659961    4.0882746e-03   1.710161e+03   0.000000e+00   2630s
  660679    4.0895179e-03   2.960408e+03   0.000000e+00   2637s
  661397    4.0908237e-03   2.813233e+03   0.000000e+00   2643s
  661756    4.0915630e-03   9.502670e+02   0.000000e+00   2646s
  662474    4.0929061e-03   2.524336e+04   0.000000e+00   2653s
  662833    4.0937370e-03   2.238325e+03   0.000000e+00   2656s
  663551    4.0950929e-03   5.378505e+03   0.000000e+00   2663s
  663910    4.0958010e-03   2.675247e+03   0.000000e+00   2666s
  664628    4.0970838e-03   1.636179e+03   0.000000e+00   2673s
  664987    4.0976955e-03   6.105462e+03   0.000000e+00   2676s
  665705    4.0989834e-03   3.233407e+03   0.000000e+00   2683s
  666064    4.0995164e-03   1.344136e+03   0.000000e+00   2686s
  666782    4.1006546e-03   2.874066e+03   0.000000e+00   2692s
  667141    4.1012258e-03   1.166901e+03   0.000000e+00   2696s
  667859    4.1022787e-03   1.590690e+03   0.000000e+00   2702s
  668218    4.1028328e-03   1.499487e+03   0.000000e+00   2705s
  668936    4.1039674e-03   4.731141e+03   0.000000e+00   2712s
  669295    4.1045869e-03   1.222603e+03   0.000000e+00   2715s
  670013    4.1057815e-03   2.187149e+03   0.000000e+00   2722s
  670731    4.1069318e-03   8.958552e+02   0.000000e+00   2728s
  671090    4.1075810e-03   3.188309e+03   0.000000e+00   2731s
  671808    4.1087571e-03   4.645673e+03   0.000000e+00   2738s
  672167    4.1093752e-03   8.825749e+03   0.000000e+00   2741s
  672885    4.1105545e-03   2.888029e+03   0.000000e+00   2747s
  673244    4.1110757e-03   2.616033e+03   0.000000e+00   2751s
  673962    4.1122600e-03   1.254203e+04   0.000000e+00   2757s
  674321    4.1128583e-03   1.948529e+03   0.000000e+00   2760s
  675039    4.1139648e-03   1.499048e+03   0.000000e+00   2767s
  675398    4.1145004e-03   1.801696e+03   0.000000e+00   2770s
  676116    4.1157591e-03   3.920689e+03   0.000000e+00   2776s
  676834    4.1171092e-03   5.502269e+03   0.000000e+00   2783s
  677193    4.1177188e-03   1.329877e+03   0.000000e+00   2786s
  677911    4.1189033e-03   3.141402e+03   0.000000e+00   2793s
  678270    4.1194985e-03   1.457344e+03   0.000000e+00   2796s
  678988    4.1208039e-03   2.407492e+03   0.000000e+00   2802s
  679347    4.1214276e-03   2.005850e+03   0.000000e+00   2806s
  680065    4.1227439e-03   1.170504e+03   0.000000e+00   2812s
  680424    4.1232716e-03   1.678786e+03   0.000000e+00   2815s
  681142    4.1244836e-03   3.649050e+03   0.000000e+00   2822s
  681860    4.1256924e-03   1.875940e+03   0.000000e+00   2828s
  682219    4.1264404e-03   4.728505e+03   0.000000e+00   2831s
  682937    4.1278073e-03   1.217667e+03   0.000000e+00   2838s
  683296    4.1284074e-03   1.428553e+03   0.000000e+00   2841s
  684014    4.1296175e-03   1.884913e+03   0.000000e+00   2847s
  684373    4.1301896e-03   3.640983e+03   0.000000e+00   2851s
  685091    4.1313456e-03   2.323365e+03   0.000000e+00   2857s
  685450    4.1320771e-03   3.012282e+03   0.000000e+00   2860s
  686168    4.1334524e-03   1.086601e+03   0.000000e+00   2866s
  686886    4.1347431e-03   2.068519e+03   0.000000e+00   2873s
  687245    4.1354666e-03   6.665026e+03   0.000000e+00   2876s
  687963    4.1369322e-03   1.277695e+03   0.000000e+00   2883s
  688322    4.1375861e-03   2.199224e+03   0.000000e+00   2886s
  689040    4.1387664e-03   1.701541e+03   0.000000e+00   2893s
  689399    4.1394754e-03   3.145704e+03   0.000000e+00   2896s
  690117    4.1406878e-03   2.509987e+03   0.000000e+00   2902s
  690476    4.1413195e-03   2.677958e+03   0.000000e+00   2906s
  691194    4.1424584e-03   4.566893e+03   0.000000e+00   2912s
  691553    4.1431123e-03   2.569207e+03   0.000000e+00   2915s
  692271    4.1442694e-03   2.188289e+04   0.000000e+00   2922s
  692630    4.1449202e-03   1.528477e+03   0.000000e+00   2925s
  693348    4.1461811e-03   1.148973e+03   0.000000e+00   2932s
  693707    4.1468408e-03   2.585642e+03   0.000000e+00   2935s
  694425    4.1480067e-03   1.292740e+03   0.000000e+00   2942s
  695143    4.1490436e-03   2.274225e+03   0.000000e+00   2948s
  695502    4.1495741e-03   1.280955e+03   0.000000e+00   2952s
  696220    4.1505494e-03   1.271856e+03   0.000000e+00   2958s
  696579    4.1511003e-03   1.198089e+04   0.000000e+00   2961s
  697297    4.1520752e-03   1.992405e+03   0.000000e+00   2968s
  697656    4.1524994e-03   8.989711e+02   0.000000e+00   2971s
  698374    4.1535427e-03   7.385311e+02   0.000000e+00   2978s
  698733    4.1541752e-03   2.162653e+03   0.000000e+00   2981s
  699451    4.1552396e-03   1.046953e+03   0.000000e+00   2988s
  699810    4.1557755e-03   1.570704e+03   0.000000e+00   2991s
  700528    4.1567798e-03   7.880575e+02   0.000000e+00   2998s
  700887    4.1573599e-03   2.429958e+03   0.000000e+00   3001s
  701605    4.1584212e-03   1.471075e+03   0.000000e+00   3008s
  701964    4.1589692e-03   1.230741e+03   0.000000e+00   3011s
  702682    4.1600651e-03   2.679608e+03   0.000000e+00   3017s
  703041    4.1606054e-03   3.107293e+03   0.000000e+00   3021s
  703759    4.1615860e-03   7.668892e+03   0.000000e+00   3028s
  704118    4.1620938e-03   1.401419e+03   0.000000e+00   3031s
  704836    4.1631595e-03   1.274866e+03   0.000000e+00   3037s
  705195    4.1636742e-03   3.317415e+03   0.000000e+00   3041s
  705913    4.1646053e-03   1.881593e+03   0.000000e+00   3047s
  706272    4.1652683e-03   1.747649e+03   0.000000e+00   3050s
  706990    4.1662837e-03   1.999553e+03   0.000000e+00   3057s
  707349    4.1668477e-03   1.377944e+03   0.000000e+00   3061s
  708067    4.1679114e-03   1.311052e+03   0.000000e+00   3067s
  708426    4.1685306e-03   1.039612e+03   0.000000e+00   3071s
  709144    4.1697607e-03   3.200751e+03   0.000000e+00   3077s
  709503    4.1703197e-03   1.502238e+03   0.000000e+00   3080s
  710221    4.1714408e-03   2.346595e+03   0.000000e+00   3087s
  710580    4.1721618e-03   1.621471e+03   0.000000e+00   3090s
  711298    4.1732466e-03   1.495829e+03   0.000000e+00   3097s
  711657    4.1738679e-03   1.353786e+03   0.000000e+00   3100s
  712375    4.1750557e-03   3.440877e+03   0.000000e+00   3107s
  712734    4.1756282e-03   4.444943e+03   0.000000e+00   3110s
  713452    4.1766679e-03   6.533934e+03   0.000000e+00   3117s
  713811    4.1772885e-03   1.889582e+03   0.000000e+00   3120s
  714529    4.1783040e-03   1.342335e+03   0.000000e+00   3127s
  714888    4.1788331e-03   4.273091e+03   0.000000e+00   3131s
  715606    4.1799373e-03   9.412963e+02   0.000000e+00   3137s
  715965    4.1804996e-03   3.056925e+03   0.000000e+00   3141s
  716683    4.1816231e-03   1.636721e+04   0.000000e+00   3147s
  717042    4.1823126e-03   1.755519e+03   0.000000e+00   3150s
  717760    4.1834556e-03   3.531629e+03   0.000000e+00   3157s
  718119    4.1839809e-03   1.492766e+03   0.000000e+00   3160s
  718837    4.1851081e-03   4.751060e+03   0.000000e+00   3167s
  719196    4.1856902e-03   1.391581e+03   0.000000e+00   3170s
  719914    4.1867674e-03   7.271498e+03   0.000000e+00   3177s
  720273    4.1872658e-03   1.305026e+03   0.000000e+00   3180s
  720991    4.1884212e-03   7.809133e+03   0.000000e+00   3187s
  721350    4.1890883e-03   2.058019e+03   0.000000e+00   3190s
  722068    4.1903068e-03   8.702414e+03   0.000000e+00   3197s
  722427    4.1909000e-03   1.291642e+03   0.000000e+00   3200s
  723145    4.1921337e-03   2.570625e+03   0.000000e+00   3207s
  723504    4.1927936e-03   1.686317e+03   0.000000e+00   3210s
  724222    4.1938288e-03   1.849537e+03   0.000000e+00   3217s
  724860    4.1946728e-03   1.462746e+03   0.000000e+00   3223s
  725219    4.1951326e-03   1.631322e+03   0.000000e+00   3226s
  725937    4.1962269e-03   9.716433e+03   0.000000e+00   3233s
  726296    4.1968396e-03   2.493390e+03   0.000000e+00   3236s
  727014    4.1977827e-03   1.698900e+03   0.000000e+00   3243s
  727373    4.1983588e-03   2.209555e+03   0.000000e+00   3246s
  728091    4.1994994e-03   3.135298e+03   0.000000e+00   3253s
  728450    4.2000926e-03   1.459798e+03   0.000000e+00   3256s
  729168    4.2011211e-03   2.017945e+03   0.000000e+00   3262s
  729527    4.2015972e-03   1.889877e+03   0.000000e+00   3266s
  730245    4.2027434e-03   5.775196e+03   0.000000e+00   3273s
  730604    4.2034100e-03   4.343448e+03   0.000000e+00   3276s
  731322    4.2044900e-03   1.608828e+03   0.000000e+00   3283s
  731681    4.2050303e-03   3.788206e+03   0.000000e+00   3286s
  732399    4.2060491e-03   1.419542e+03   0.000000e+00   3293s
  732758    4.2066333e-03   1.822919e+03   0.000000e+00   3297s
  733476    4.2076386e-03   2.472793e+03   0.000000e+00   3303s
  733835    4.2081346e-03   6.829206e+03   0.000000e+00   3307s
  734553    4.2092947e-03   7.777601e+03   0.000000e+00   3313s
  734912    4.2097798e-03   9.160323e+02   0.000000e+00   3316s
  735630    4.2107410e-03   1.364599e+03   0.000000e+00   3323s
  735989    4.2111166e-03   1.918264e+03   0.000000e+00   3326s
  736707    4.2121261e-03   2.144908e+03   0.000000e+00   3333s
  737066    4.2126817e-03   1.952224e+03   0.000000e+00   3336s
  737784    4.2136831e-03   6.883517e+03   0.000000e+00   3343s
  738143    4.2141160e-03   1.649518e+03   0.000000e+00   3347s
  738861    4.2150993e-03   3.100097e+03   0.000000e+00   3353s
  739220    4.2155675e-03   1.386837e+03   0.000000e+00   3357s
  739579    4.2161039e-03   9.042080e+02   0.000000e+00   3360s
  740297    4.2169969e-03   1.901811e+03   0.000000e+00   3367s
  740656    4.2174823e-03   4.459070e+03   0.000000e+00   3370s
  741374    4.2184541e-03   8.806868e+02   0.000000e+00   3377s
  741733    4.2190094e-03   1.591737e+03   0.000000e+00   3380s
  742451    4.2199866e-03   2.022769e+03   0.000000e+00   3387s
  742810    4.2204785e-03   1.645429e+03   0.000000e+00   3390s
  743528    4.2214066e-03   1.317967e+03   0.000000e+00   3397s
  743887    4.2219180e-03   1.509989e+03   0.000000e+00   3400s
  744605    4.2229679e-03   9.964783e+02   0.000000e+00   3407s
  744964    4.2234834e-03   1.463874e+03   0.000000e+00   3410s
  745682    4.2245089e-03   1.107563e+03   0.000000e+00   3417s
  746041    4.2250162e-03   7.030566e+02   0.000000e+00   3420s
  746759    4.2260424e-03   2.801408e+03   0.000000e+00   3427s
  747118    4.2265567e-03   4.991189e+03   0.000000e+00   3430s
  747836    4.2275695e-03   5.141483e+02   0.000000e+00   3437s
  748195    4.2280169e-03   2.867558e+03   0.000000e+00   3440s
  748913    4.2289696e-03   3.142349e+03   0.000000e+00   3447s
  749272    4.2294651e-03   2.905774e+03   0.000000e+00   3450s
  749990    4.2305772e-03   2.577406e+03   0.000000e+00   3457s
  750708    4.2315894e-03   1.196980e+03   0.000000e+00   3463s
  751067    4.2320302e-03   7.090035e+03   0.000000e+00   3467s
  751785    4.2330458e-03   1.864556e+03   0.000000e+00   3473s
  752144    4.2338257e-03   3.369300e+03   0.000000e+00   3476s
  752862    4.2350101e-03   1.193518e+03   0.000000e+00   3483s
  753221    4.2354456e-03   3.560404e+03   0.000000e+00   3486s
  753939    4.2363000e-03   9.712309e+02   0.000000e+00   3493s
  754298    4.2368669e-03   2.223412e+03   0.000000e+00   3496s
  755016    4.2378372e-03   1.284988e+03   0.000000e+00   3503s
  755375    4.2382250e-03   1.579617e+03   0.000000e+00   3506s
  756093    4.2391113e-03   1.927243e+04   0.000000e+00   3513s
  756452    4.2395081e-03   1.355646e+03   0.000000e+00   3516s
  757170    4.2404283e-03   9.406466e+02   0.000000e+00   3523s
  757529    4.2409667e-03   9.311507e+02   0.000000e+00   3527s
  758247    4.2418890e-03   1.076782e+03   0.000000e+00   3533s
  758606    4.2424063e-03   1.644434e+03   0.000000e+00   3537s
  758965    4.2428926e-03   2.159364e+03   0.000000e+00   3540s
  759683    4.2437789e-03   1.208232e+03   0.000000e+00   3547s
  760042    4.2442889e-03   2.402057e+03   0.000000e+00   3550s
  760760    4.2452406e-03   1.359739e+03   0.000000e+00   3557s
  761119    4.2457641e-03   4.703890e+03   0.000000e+00   3560s
  761837    4.2467570e-03   1.124593e+04   0.000000e+00   3567s
  762196    4.2472115e-03   2.321852e+03   0.000000e+00   3570s
  762914    4.2481359e-03   2.725016e+03   0.000000e+00   3577s
  763273    4.2485660e-03   1.540774e+03   0.000000e+00   3580s
  763991    4.2492971e-03   1.249551e+03   0.000000e+00   3587s
  764350    4.2497495e-03   1.675204e+03   0.000000e+00   3590s
  765068    4.2507692e-03   1.335978e+03   0.000000e+00   3597s
  765427    4.2511979e-03   1.187855e+03   0.000000e+00   3601s
  766145    4.2520306e-03   2.167421e+03   0.000000e+00   3607s
  766504    4.2524346e-03   1.194959e+03   0.000000e+00   3611s
  767222    4.2533378e-03   1.246679e+03   0.000000e+00   3618s
  767581    4.2538182e-03   1.462737e+03   0.000000e+00   3621s
  768299    4.2546708e-03   1.013905e+03   0.000000e+00   3628s
  768658    4.2551480e-03   8.157218e+02   0.000000e+00   3631s
  769376    4.2560307e-03   7.830334e+02   0.000000e+00   3638s
  769735    4.2564642e-03   6.174868e+02   0.000000e+00   3642s
  770094    4.2568394e-03   1.390319e+03   0.000000e+00   3645s
  770812    4.2576506e-03   1.154243e+03   0.000000e+00   3652s
  771171    4.2581218e-03   2.583880e+03   0.000000e+00   3656s
  771889    4.2590010e-03   1.030368e+03   0.000000e+00   3663s
  772248    4.2593684e-03   9.022806e+02   0.000000e+00   3666s
  772966    4.2602663e-03   5.257512e+02   0.000000e+00   3673s
  773325    4.2607092e-03   1.764971e+03   0.000000e+00   3676s
  774043    4.2615662e-03   5.910971e+03   0.000000e+00   3683s
  774402    4.2620303e-03   1.426746e+03   0.000000e+00   3687s
  775120    4.2629434e-03   7.687586e+02   0.000000e+00   3693s
  775479    4.2634182e-03   2.255627e+03   0.000000e+00   3697s
  775838    4.2639922e-03   2.246371e+03   0.000000e+00   3700s
  776556    4.2649541e-03   3.649425e+03   0.000000e+00   3707s
  776915    4.2654644e-03   1.077403e+03   0.000000e+00   3710s
  777633    4.2666783e-03   3.438009e+03   0.000000e+00   3717s
  777992    4.2671603e-03   1.953357e+04   0.000000e+00   3720s
  778710    4.2680254e-03   6.142960e+03   0.000000e+00   3727s
  779069    4.2685286e-03   2.077406e+03   0.000000e+00   3731s
  779787    4.2694786e-03   1.979021e+03   0.000000e+00   3738s
  780146    4.2698917e-03   1.455685e+03   0.000000e+00   3741s
  780864    4.2708160e-03   6.219069e+02   0.000000e+00   3748s
  781223    4.2712662e-03   1.251615e+03   0.000000e+00   3751s
  781941    4.2721554e-03   1.683692e+03   0.000000e+00   3758s
  782300    4.2726372e-03   9.272959e+02   0.000000e+00   3762s
  782659    4.2730511e-03   9.429441e+02   0.000000e+00   3765s
  783377    4.2740336e-03   1.688364e+03   0.000000e+00   3772s
  783736    4.2744959e-03   1.562830e+03   0.000000e+00   3775s
  784454    4.2754283e-03   9.273337e+02   0.000000e+00   3782s
  784813    4.2758254e-03   2.933641e+03   0.000000e+00   3786s
  785531    4.2766061e-03   1.041499e+03   0.000000e+00   3792s
  785890    4.2770875e-03   1.004144e+03   0.000000e+00   3796s
  786608    4.2779859e-03   4.303063e+03   0.000000e+00   3803s
  786967    4.2783985e-03   2.564724e+03   0.000000e+00   3806s
  787685    4.2792874e-03   6.392997e+02   0.000000e+00   3813s
  788044    4.2797242e-03   6.766028e+02   0.000000e+00   3816s
  788762    4.2805193e-03   2.107868e+03   0.000000e+00   3823s
  789121    4.2809098e-03   8.069879e+02   0.000000e+00   3827s
  789480    4.2813323e-03   4.455063e+03   0.000000e+00   3830s
  790198    4.2822054e-03   2.614775e+03   0.000000e+00   3837s
  790557    4.2826263e-03   8.650992e+02   0.000000e+00   3840s
  791275    4.2833943e-03   3.662119e+04   0.000000e+00   3847s
  791634    4.2838734e-03   7.212407e+03   0.000000e+00   3851s
  792352    4.2847978e-03   8.558774e+02   0.000000e+00   3858s
  792711    4.2852343e-03   1.254085e+03   0.000000e+00   3861s
  793429    4.2860008e-03   9.247570e+02   0.000000e+00   3868s
  793788    4.2864427e-03   1.683040e+04   0.000000e+00   3872s
  794506    4.2872012e-03   6.439061e+02   0.000000e+00   3878s
  794865    4.2875602e-03   6.978866e+02   0.000000e+00   3882s
  795224    4.2879717e-03   3.375104e+03   0.000000e+00   3885s
  795942    4.2887933e-03   3.749014e+02   0.000000e+00   3892s
  796301    4.2891377e-03   5.888598e+02   0.000000e+00   3896s
  797019    4.2899220e-03   3.900738e+03   0.000000e+00   3902s
  797378    4.2903036e-03   7.201737e+02   0.000000e+00   3906s
  798096    4.2910239e-03   3.825583e+03   0.000000e+00   3913s
  798455    4.2913736e-03   9.871416e+02   0.000000e+00   3916s
  799173    4.2920209e-03   7.341302e+03   0.000000e+00   3923s
  799532    4.2924137e-03   1.177172e+03   0.000000e+00   3926s
  800250    4.2931993e-03   9.851221e+02   0.000000e+00   3933s
  800609    4.2935327e-03   6.334428e+02   0.000000e+00   3937s
  800968    4.2938880e-03   2.152046e+03   0.000000e+00   3940s
  801686    4.2947472e-03   1.284662e+03   0.000000e+00   3947s
  802045    4.2951450e-03   1.605418e+03   0.000000e+00   3950s
  802763    4.2960421e-03   2.845682e+03   0.000000e+00   3957s
  803122    4.2964425e-03   5.605111e+03   0.000000e+00   3960s
  803840    4.2974135e-03   3.889610e+03   0.000000e+00   3967s
  804199    4.2979054e-03   1.629343e+03   0.000000e+00   3971s
  804917    4.2988632e-03   1.213994e+03   0.000000e+00   3978s
  805276    4.2994038e-03   1.119885e+03   0.000000e+00   3981s
  805994    4.3002475e-03   1.459850e+03   0.000000e+00   3988s
  806353    4.3006266e-03   1.301428e+03   0.000000e+00   3991s
  807071    4.3015085e-03   1.100685e+03   0.000000e+00   3998s
  807430    4.3019455e-03   8.326703e+02   0.000000e+00   4002s
  808148    4.3027616e-03   1.077465e+03   0.000000e+00   4008s
  808507    4.3031631e-03   4.437820e+03   0.000000e+00   4012s
  808866    4.3036391e-03   1.367011e+03   0.000000e+00   4015s
  809584    4.3044987e-03   3.110167e+03   0.000000e+00   4022s
  809943    4.3049352e-03   1.110850e+03   0.000000e+00   4025s
  810661    4.3057444e-03   3.184842e+03   0.000000e+00   4032s
  811020    4.3061193e-03   7.957352e+02   0.000000e+00   4036s
  811738    4.3069330e-03   3.640572e+03   0.000000e+00   4043s
  812097    4.3072781e-03   6.474502e+04   0.000000e+00   4046s
  812815    4.3081347e-03   9.962533e+02   0.000000e+00   4053s
  813174    4.3085958e-03   1.210477e+03   0.000000e+00   4056s
  813892    4.3094511e-03   1.310610e+03   0.000000e+00   4063s
  814251    4.3098098e-03   3.082597e+03   0.000000e+00   4066s
  814969    4.3105803e-03   1.440768e+03   0.000000e+00   4073s
  815328    4.3110179e-03   6.017865e+02   0.000000e+00   4077s
  815687    4.3113821e-03   7.980239e+02   0.000000e+00   4080s
  816405    4.3122480e-03   1.919728e+03   0.000000e+00   4087s
  816764    4.3127340e-03   1.681965e+03   0.000000e+00   4091s
  817482    4.3135727e-03   1.125895e+03   0.000000e+00   4098s
  817841    4.3140609e-03   1.669113e+03   0.000000e+00   4101s
  818559    4.3149627e-03   2.679160e+03   0.000000e+00   4108s
  818918    4.3153928e-03   3.561841e+03   0.000000e+00   4111s
  819636    4.3162890e-03   3.810302e+03   0.000000e+00   4118s
  819995    4.3167164e-03   1.481841e+03   0.000000e+00   4122s
  820354    4.3171221e-03   7.563857e+02   0.000000e+00   4125s
  821072    4.3178719e-03   1.281835e+03   0.000000e+00   4132s
  821431    4.3183243e-03   7.628370e+03   0.000000e+00   4135s
  822149    4.3192187e-03   1.996777e+03   0.000000e+00   4142s
  822508    4.3196527e-03   8.437540e+02   0.000000e+00   4145s
  823226    4.3206535e-03   3.408078e+03   0.000000e+00   4152s
  823585    4.3211802e-03   1.288211e+03   0.000000e+00   4155s
  824303    4.3220383e-03   1.276196e+03   0.000000e+00   4162s
  824662    4.3224362e-03   1.703251e+03   0.000000e+00   4166s
  825380    4.3232708e-03   1.045647e+04   0.000000e+00   4173s
  825739    4.3236868e-03   1.622718e+03   0.000000e+00   4176s
  826457    4.3244453e-03   7.810386e+02   0.000000e+00   4183s
  826816    4.3248412e-03   1.791261e+03   0.000000e+00   4186s
  827534    4.3256327e-03   3.293283e+03   0.000000e+00   4193s
  827893    4.3260813e-03   9.633636e+02   0.000000e+00   4196s
  828611    4.3268349e-03   2.706108e+03   0.000000e+00   4203s
  828970    4.3272760e-03   3.737063e+03   0.000000e+00   4207s
  829688    4.3281404e-03   1.113555e+03   0.000000e+00   4213s
  830047    4.3285661e-03   8.592959e+02   0.000000e+00   4217s
  830406    4.3289289e-03   1.112267e+03   0.000000e+00   4220s
  831124    4.3296246e-03   2.895142e+03   0.000000e+00   4227s
  831483    4.3299789e-03   2.704964e+03   0.000000e+00   4231s
  832201    4.3306578e-03   6.338388e+02   0.000000e+00   4238s
  832560    4.3309796e-03   2.511190e+03   0.000000e+00   4241s
  833278    4.3317546e-03   6.848572e+02   0.000000e+00   4248s
  833637    4.3321165e-03   1.500112e+03   0.000000e+00   4252s
  833996    4.3325003e-03   2.012055e+03   0.000000e+00   4255s
  834714    4.3333846e-03   1.029948e+03   0.000000e+00   4262s
  835073    4.3337633e-03   8.351956e+02   0.000000e+00   4265s
  835791    4.3345511e-03   1.239220e+03   0.000000e+00   4272s
  836150    4.3349240e-03   1.479919e+03   0.000000e+00   4276s
  836868    4.3356256e-03   9.220715e+02   0.000000e+00   4283s
  837227    4.3360382e-03   1.992954e+03   0.000000e+00   4286s
  837945    4.3368757e-03   9.186539e+02   0.000000e+00   4293s
  838304    4.3372652e-03   1.542521e+03   0.000000e+00   4296s
  839022    4.3380630e-03   8.598987e+02   0.000000e+00   4304s
  839381    4.3384704e-03   1.497320e+03   0.000000e+00   4307s
  839740    4.3388913e-03   1.225721e+03   0.000000e+00   4311s
  840458    4.3396974e-03   8.813498e+02   0.000000e+00   4318s
  840817    4.3401546e-03   1.247035e+03   0.000000e+00   4321s
  841535    4.3409840e-03   3.515672e+03   0.000000e+00   4328s
  841894    4.3413745e-03   1.376083e+03   0.000000e+00   4331s
  842612    4.3420976e-03   1.027753e+03   0.000000e+00   4338s
  842971    4.3424625e-03   9.172403e+02   0.000000e+00   4342s
  843330    4.3428851e-03   8.118379e+02   0.000000e+00   4345s
  844048    4.3436167e-03   2.713031e+03   0.000000e+00   4352s
  844407    4.3439655e-03   4.390367e+03   0.000000e+00   4355s
  845125    4.3447148e-03   9.642080e+02   0.000000e+00   4362s
  845484    4.3451149e-03   5.667016e+03   0.000000e+00   4366s
  846202    4.3458754e-03   1.709749e+03   0.000000e+00   4373s
  846561    4.3462372e-03   2.286617e+03   0.000000e+00   4376s
  847279    4.3469568e-03   1.051507e+03   0.000000e+00   4383s
  847638    4.3473298e-03   1.779756e+03   0.000000e+00   4386s
  848356    4.3479846e-03   5.603129e+03   0.000000e+00   4393s
  848715    4.3482643e-03   1.757455e+03   0.000000e+00   4397s
  849074    4.3486320e-03   1.803009e+03   0.000000e+00   4400s
  849792    4.3493307e-03   5.756067e+02   0.000000e+00   4407s
  850151    4.3496260e-03   8.117630e+02   0.000000e+00   4411s
  850869    4.3502699e-03   3.828344e+02   0.000000e+00   4418s
  851228    4.3505980e-03   1.196960e+03   0.000000e+00   4421s
  851946    4.3513416e-03   1.060139e+03   0.000000e+00   4428s
  852305    4.3517606e-03   1.868148e+03   0.000000e+00   4432s
  852664    4.3521264e-03   7.816310e+02   0.000000e+00   4435s
  853382    4.3528804e-03   8.565087e+02   0.000000e+00   4442s
  853741    4.3533108e-03   1.602402e+03   0.000000e+00   4446s
  854459    4.3540809e-03   1.020810e+03   0.000000e+00   4453s
  854818    4.3544628e-03   6.017962e+02   0.000000e+00   4456s
  855536    4.3551229e-03   2.182742e+03   0.000000e+00   4463s
  855895    4.3554574e-03   1.019938e+03   0.000000e+00   4467s
  856254    4.3557757e-03   1.223961e+03   0.000000e+00   4470s
  856972    4.3564034e-03   5.427645e+02   0.000000e+00   4477s
  857331    4.3567680e-03   7.806721e+02   0.000000e+00   4481s
  858049    4.3574916e-03   1.313060e+03   0.000000e+00   4488s
  858408    4.3578151e-03   3.784414e+02   0.000000e+00   4492s
  858767    4.3581444e-03   2.245553e+03   0.000000e+00   4495s
  859485    4.3588422e-03   1.049241e+03   0.000000e+00   4502s
  859844    4.3591672e-03   8.382826e+02   0.000000e+00   4506s
  860562    4.3599122e-03   1.369769e+03   0.000000e+00   4513s
  860921    4.3602874e-03   1.636813e+03   0.000000e+00   4516s
  861639    4.3608952e-03   6.995665e+02   0.000000e+00   4523s
  861998    4.3613399e-03   2.141927e+03   0.000000e+00   4527s
  862357    4.3617360e-03   2.066553e+03   0.000000e+00   4530s
  863075    4.3625759e-03   1.163152e+03   0.000000e+00   4537s
  863434    4.3629000e-03   5.243064e+02   0.000000e+00   4541s
  864152    4.3636283e-03   7.400017e+02   0.000000e+00   4548s
  864511    4.3639550e-03   8.868889e+02   0.000000e+00   4551s
  865229    4.3647587e-03   1.338465e+03   0.000000e+00   4558s
  865588    4.3651350e-03   2.295979e+03   0.000000e+00   4562s
  865947    4.3655810e-03   1.122662e+03   0.000000e+00   4565s
  866665    4.3665093e-03   8.601433e+02   0.000000e+00   4572s
  867024    4.3669061e-03   6.116190e+02   0.000000e+00   4575s
  867742    4.3676375e-03   1.033420e+03   0.000000e+00   4582s
  868101    4.3679968e-03   2.778762e+03   0.000000e+00   4586s
  868819    4.3687507e-03   1.010803e+03   0.000000e+00   4592s
  869178    4.3691406e-03   1.338130e+03   0.000000e+00   4596s
  869896    4.3698477e-03   7.147191e+02   0.000000e+00   4603s
  870255    4.3701368e-03   1.237104e+03   0.000000e+00   4606s
  870973    4.3708977e-03   1.205031e+03   0.000000e+00   4613s
  871332    4.3712677e-03   5.491120e+02   0.000000e+00   4617s
  871691    4.3716590e-03   7.992485e+02   0.000000e+00   4621s
  872409    4.3723857e-03   9.897909e+02   0.000000e+00   4628s
  872768    4.3727415e-03   5.766977e+02   0.000000e+00   4631s
  873486    4.3734299e-03   6.847059e+02   0.000000e+00   4638s
  873845    4.3737592e-03   1.524363e+03   0.000000e+00   4642s
  874204    4.3740517e-03   6.426113e+02   0.000000e+00   4645s
  874922    4.3746892e-03   1.179555e+03   0.000000e+00   4652s
  875281    4.3750258e-03   1.423963e+03   0.000000e+00   4656s
  875999    4.3756640e-03   2.849566e+03   0.000000e+00   4663s
  876358    4.3759930e-03   1.158968e+03   0.000000e+00   4667s
  876717    4.3763314e-03   1.147881e+03   0.000000e+00   4670s
  877435    4.3770566e-03   5.803741e+02   0.000000e+00   4677s
  877794    4.3773998e-03   1.220821e+03   0.000000e+00   4681s
  878512    4.3781161e-03   7.879267e+02   0.000000e+00   4688s
  878871    4.3784587e-03   8.879709e+02   0.000000e+00   4692s
  879230    4.3788289e-03   7.203854e+02   0.000000e+00   4695s
  879948    4.3794957e-03   6.912347e+02   0.000000e+00   4702s
  880307    4.3797668e-03   5.921152e+02   0.000000e+00   4706s
  881025    4.3803729e-03   1.697798e+03   0.000000e+00   4713s
  881384    4.3807477e-03   2.385876e+03   0.000000e+00   4717s
  881743    4.3810931e-03   1.508141e+03   0.000000e+00   4720s
  882461    4.3817504e-03   5.962881e+02   0.000000e+00   4727s
  882820    4.3820799e-03   8.769182e+02   0.000000e+00   4731s
  883538    4.3827663e-03   1.692877e+03   0.000000e+00   4738s
  883897    4.3830974e-03   5.567322e+02   0.000000e+00   4742s
  884256    4.3834535e-03   2.753214e+03   0.000000e+00   4745s
  884974    4.3840670e-03   8.710033e+02   0.000000e+00   4752s
  885333    4.3844015e-03   1.667130e+03   0.000000e+00   4756s
  886051    4.3852738e-03   1.186667e+03   0.000000e+00   4763s
  886410    4.3857114e-03   1.113169e+03   0.000000e+00   4766s
  887128    4.3863323e-03   3.168321e+02   0.000000e+00   4773s
  887487    4.3867217e-03   1.377864e+03   0.000000e+00   4777s
  887846    4.3870346e-03   8.814961e+02   0.000000e+00   4780s
  888564    4.3876901e-03   1.415223e+03   0.000000e+00   4787s
  888923    4.3880394e-03   2.313347e+03   0.000000e+00   4791s
  889641    4.3886902e-03   4.950752e+03   0.000000e+00   4798s
  890000    4.3889842e-03   4.550156e+02   0.000000e+00   4801s
  890718    4.3896242e-03   7.737697e+02   0.000000e+00   4808s
  891077    4.3899722e-03   1.140088e+03   0.000000e+00   4812s
  891436    4.3903043e-03   1.436908e+03   0.000000e+00   4815s
  892154    4.3909984e-03   1.263008e+03   0.000000e+00   4822s
  892513    4.3913534e-03   7.790899e+02   0.000000e+00   4826s
  893231    4.3919766e-03   3.625732e+03   0.000000e+00   4833s
  893590    4.3923513e-03   8.255839e+02   0.000000e+00   4836s
  894308    4.3930799e-03   1.884890e+03   0.000000e+00   4843s
  894667    4.3934492e-03   7.448947e+02   0.000000e+00   4846s
  895385    4.3942127e-03   8.768926e+02   0.000000e+00   4853s
  895744    4.3945251e-03   1.625884e+03   0.000000e+00   4857s
  896103    4.3948112e-03   8.074932e+02   0.000000e+00   4860s
  896821    4.3955843e-03   7.933865e+03   0.000000e+00   4867s
  897180    4.3959610e-03   5.796643e+02   0.000000e+00   4871s
  897898    4.3966180e-03   1.753165e+03   0.000000e+00   4878s
  898257    4.3969873e-03   1.685127e+03   0.000000e+00   4881s
  898975    4.3976460e-03   2.638172e+03   0.000000e+00   4888s
  899334    4.3979300e-03   2.352949e+03   0.000000e+00   4892s
  899693    4.3982674e-03   6.516194e+02   0.000000e+00   4896s
  900411    4.3989126e-03   2.005815e+03   0.000000e+00   4903s
  900770    4.3992228e-03   6.408721e+02   0.000000e+00   4906s
  901488    4.3999997e-03   1.244856e+03   0.000000e+00   4913s
  901847    4.4003367e-03   7.664072e+02   0.000000e+00   4917s
  902206    4.4006794e-03   3.407542e+03   0.000000e+00   4920s
  902924    4.4013500e-03   2.815611e+03   0.000000e+00   4927s
  903283    4.4017651e-03   1.424904e+03   0.000000e+00   4930s
  904001    4.4025913e-03   1.013616e+03   0.000000e+00   4937s
  904360    4.4030460e-03   3.725271e+02   0.000000e+00   4941s
  905078    4.4037575e-03   1.077495e+03   0.000000e+00   4947s
  905437    4.4041322e-03   2.329587e+03   0.000000e+00   4951s
  906155    4.4047879e-03   5.223938e+02   0.000000e+00   4958s
  906514    4.4051049e-03   8.643315e+02   0.000000e+00   4961s
  907232    4.4057495e-03   7.377818e+02   0.000000e+00   4968s
  907591    4.4061028e-03   2.891442e+03   0.000000e+00   4972s
  907950    4.4064349e-03   6.327614e+02   0.000000e+00   4975s
  908668    4.4071083e-03   1.134780e+03   0.000000e+00   4982s
  909027    4.4074125e-03   4.217857e+02   0.000000e+00   4986s
  909745    4.4079709e-03   7.435581e+02   0.000000e+00   4993s
  910104    4.4082481e-03   3.053225e+03   0.000000e+00   4996s
  910822    4.4090163e-03   1.059119e+03   0.000000e+00   5003s
  911181    4.4093472e-03   6.170914e+02   0.000000e+00   5007s
  911540    4.4096700e-03   1.101745e+03   0.000000e+00   5010s
  912258    4.4104192e-03   2.283648e+03   0.000000e+00   5017s
  912617    4.4107338e-03   5.867713e+02   0.000000e+00   5021s
  913335    4.4113974e-03   9.225577e+02   0.000000e+00   5028s
  913694    4.4117007e-03   6.180650e+02   0.000000e+00   5031s
  914412    4.4123703e-03   9.838431e+02   0.000000e+00   5039s
  914771    4.4126849e-03   8.421044e+02   0.000000e+00   5042s
  915130    4.4130592e-03   6.148205e+02   0.000000e+00   5046s
  915848    4.4137424e-03   1.656225e+03   0.000000e+00   5053s
  916207    4.4140751e-03   5.542818e+02   0.000000e+00   5056s
  916925    4.4147187e-03   1.100375e+03   0.000000e+00   5063s
  917284    4.4150292e-03   1.494288e+03   0.000000e+00   5067s
  917643    4.4153098e-03   7.545640e+02   0.000000e+00   5070s
  918361    4.4159691e-03   7.839483e+02   0.000000e+00   5078s
  918720    4.4162681e-03   5.639092e+02   0.000000e+00   5081s
  919438    4.4169886e-03   2.495517e+03   0.000000e+00   5088s
  919797    4.4172828e-03   6.136551e+02   0.000000e+00   5091s
  920515    4.4178175e-03   5.294820e+02   0.000000e+00   5098s
  920874    4.4180985e-03   1.419165e+03   0.000000e+00   5102s
  921233    4.4183749e-03   5.671241e+02   0.000000e+00   5105s
  921951    4.4189107e-03   2.382978e+03   0.000000e+00   5112s
  922310    4.4191866e-03   6.094218e+02   0.000000e+00   5116s
  923028    4.4197445e-03   1.346823e+03   0.000000e+00   5123s
  923387    4.4200357e-03   8.159277e+02   0.000000e+00   5126s
  924105    4.4207171e-03   9.293740e+02   0.000000e+00   5133s
  924464    4.4210321e-03   5.304804e+02   0.000000e+00   5137s
  924823    4.4213490e-03   1.902337e+03   0.000000e+00   5140s
  925541    4.4218675e-03   4.441516e+02   0.000000e+00   5147s
  925900    4.4221375e-03   1.557528e+03   0.000000e+00   5151s
  926618    4.4227792e-03   7.907524e+02   0.000000e+00   5158s
  926977    4.4230642e-03   1.065833e+03   0.000000e+00   5161s
  927695    4.4236348e-03   8.367720e+02   0.000000e+00   5168s
  928054    4.4239191e-03   7.158813e+02   0.000000e+00   5171s
  928772    4.4244922e-03   1.349677e+03   0.000000e+00   5178s
  929131    4.4248141e-03   1.165758e+03   0.000000e+00   5182s
  929490    4.4251060e-03   5.652969e+02   0.000000e+00   5185s
  930208    4.4256271e-03   2.501837e+03   0.000000e+00   5192s
  930567    4.4258894e-03   6.164067e+02   0.000000e+00   5196s
  931285    4.4264984e-03   8.897333e+02   0.000000e+00   5203s
  931644    4.4267855e-03   8.411954e+02   0.000000e+00   5206s
  932003    4.4270903e-03   4.845376e+02   0.000000e+00   5210s
  932721    4.4276837e-03   6.291932e+02   0.000000e+00   5217s
  933080    4.4280218e-03   7.960731e+02   0.000000e+00   5221s
  933798    4.4287060e-03   3.976189e+02   0.000000e+00   5228s
  934157    4.4289866e-03   2.611966e+03   0.000000e+00   5231s
  934875    4.4296702e-03   1.040172e+03   0.000000e+00   5238s
  935234    4.4300352e-03   5.243821e+02   0.000000e+00   5242s
  935593    4.4303334e-03   1.694632e+03   0.000000e+00   5245s
  936311    4.4310590e-03   7.749674e+02   0.000000e+00   5252s
  936670    4.4313866e-03   1.380868e+03   0.000000e+00   5256s
  937388    4.4320915e-03   3.891418e+03   0.000000e+00   5263s
  937747    4.4324380e-03   2.025502e+03   0.000000e+00   5266s
  938465    4.4330182e-03   1.110213e+03   0.000000e+00   5273s
  938824    4.4333168e-03   2.046201e+03   0.000000e+00   5277s
  939183    4.4336475e-03   1.010504e+03   0.000000e+00   5280s
  939901    4.4343106e-03   1.787303e+03   0.000000e+00   5287s
  940260    4.4345873e-03   8.295368e+02   0.000000e+00   5291s
  940978    4.4351449e-03   1.473439e+03   0.000000e+00   5298s
  941337    4.4355105e-03   6.947514e+02   0.000000e+00   5301s
  942055    4.4360612e-03   4.798832e+02   0.000000e+00   5308s
  942414    4.4363396e-03   4.939507e+02   0.000000e+00   5311s
  942773    4.4366432e-03   5.067947e+02   0.000000e+00   5315s
  943491    4.4448314e-03   1.939364e+03   0.000000e+00   5322s
  944209    4.4522738e-03   6.443591e+03   0.000000e+00   5328s
  944568    4.4553838e-03   4.293075e+03   0.000000e+00   5332s
  944927    4.4575961e-03   6.339127e+02   0.000000e+00   5335s
  945645    4.4633619e-03   3.871743e+03   0.000000e+00   5342s
  946363    4.4676231e-03   4.517103e+03   0.000000e+00   5348s
  946722    4.4691226e-03   1.132444e+03   0.000000e+00   5352s
  947440    4.4731457e-03   1.869429e+03   0.000000e+00   5358s
  947799    4.4751437e-03   7.609036e+02   0.000000e+00   5361s
  948517    4.4790615e-03   2.565004e+03   0.000000e+00   5368s
  948876    4.4807376e-03   3.346247e+03   0.000000e+00   5371s
  949594    4.4833696e-03   1.442159e+03   0.000000e+00   5378s
  949953    4.4851023e-03   9.028602e+02   0.000000e+00   5381s
  950671    4.4880762e-03   5.944525e+02   0.000000e+00   5388s
  951030    4.4898875e-03   6.713928e+02   0.000000e+00   5391s
  951748    4.4920584e-03   2.192118e+03   0.000000e+00   5398s
  952107    4.4933977e-03   1.818156e+03   0.000000e+00   5401s
  952825    4.4961293e-03   1.323035e+03   0.000000e+00   5408s
  953184    4.4973915e-03   5.889815e+02   0.000000e+00   5411s
  953902    4.5002361e-03   6.220584e+02   0.000000e+00   5418s
  954261    4.5012730e-03   4.065091e+02   0.000000e+00   5421s
  954979    4.5039430e-03   6.591574e+02   0.000000e+00   5428s
  955338    4.5049820e-03   4.473134e+02   0.000000e+00   5431s
  956056    4.5076687e-03   7.352982e+02   0.000000e+00   5438s
  956415    4.5086790e-03   1.501299e+03   0.000000e+00   5441s
  957133    4.5108802e-03   6.559621e+02   0.000000e+00   5448s
  957492    4.5121439e-03   8.023418e+02   0.000000e+00   5451s
  958210    4.5143619e-03   8.117909e+03   0.000000e+00   5458s
  958569    4.5152787e-03   4.440906e+03   0.000000e+00   5461s
  959287    4.5172359e-03   1.259246e+03   0.000000e+00   5468s
  959646    4.5183200e-03   8.008894e+02   0.000000e+00   5471s
  960364    4.5205151e-03   2.369813e+03   0.000000e+00   5478s
  960723    4.5215246e-03   7.441525e+02   0.000000e+00   5481s
  961441    4.5232321e-03   2.909554e+03   0.000000e+00   5488s
  961800    4.5240543e-03   7.539104e+02   0.000000e+00   5491s
  962518    4.5259183e-03   6.481834e+02   0.000000e+00   5498s
  962877    4.5271577e-03   1.142028e+03   0.000000e+00   5502s
  963595    4.5291832e-03   7.248873e+02   0.000000e+00   5508s
  963954    4.5300068e-03   1.525985e+03   0.000000e+00   5512s
  964672    4.5320046e-03   7.630349e+03   0.000000e+00   5518s
  965031    4.5327834e-03   1.027667e+03   0.000000e+00   5522s
  965390    4.5335508e-03   1.446868e+03   0.000000e+00   5525s
  966108    4.5350774e-03   4.324570e+02   0.000000e+00   5532s
  966467    4.5358337e-03   4.777223e+02   0.000000e+00   5535s
  967185    4.5376884e-03   3.017207e+03   0.000000e+00   5542s
  967544    4.5384669e-03   1.765848e+03   0.000000e+00   5546s
  968262    4.5403384e-03   8.010241e+02   0.000000e+00   5552s
  968621    4.5413411e-03   1.320489e+03   0.000000e+00   5556s
  969339    4.5429765e-03   6.059953e+02   0.000000e+00   5562s
  969698    4.5439624e-03   1.974550e+03   0.000000e+00   5566s
  970416    4.5458389e-03   3.100829e+03   0.000000e+00   5573s
  970775    4.5468421e-03   3.382919e+02   0.000000e+00   5576s
  971493    4.5482863e-03   1.921071e+03   0.000000e+00   5583s
  971852    4.5489870e-03   1.026864e+03   0.000000e+00   5587s
  972570    4.5505293e-03   1.506383e+03   0.000000e+00   5593s
  972929    4.5512780e-03   2.447359e+03   0.000000e+00   5597s
  973288    4.5520876e-03   1.050081e+03   0.000000e+00   5600s
  974006    4.5533928e-03   1.625031e+03   0.000000e+00   5607s
  974365    4.5541316e-03   1.680657e+03   0.000000e+00   5611s
  975083    4.5557368e-03   1.179902e+03   0.000000e+00   5618s
  975442    4.5566169e-03   1.294679e+03   0.000000e+00   5621s
  976160    4.5582154e-03   1.781909e+03   0.000000e+00   5628s
  976519    4.5589738e-03   2.177193e+03   0.000000e+00   5632s
  976878    4.5597693e-03   5.158111e+02   0.000000e+00   5635s
  977596    4.5612253e-03   6.329080e+02   0.000000e+00   5642s
  977955    4.5620039e-03   4.138237e+02   0.000000e+00   5645s
  978673    4.5633965e-03   4.366033e+02   0.000000e+00   5652s
  979032    4.5643487e-03   9.175056e+02   0.000000e+00   5656s
  979750    4.5658846e-03   5.879015e+03   0.000000e+00   5663s
  980109    4.5666378e-03   1.521411e+03   0.000000e+00   5666s
  980827    4.5681725e-03   6.441506e+02   0.000000e+00   5673s
  981186    4.5690195e-03   7.685283e+02   0.000000e+00   5677s
  981545    4.5697245e-03   1.471416e+03   0.000000e+00   5680s
  982263    4.5711746e-03   5.591627e+02   0.000000e+00   5687s
  982622    4.5719599e-03   2.281588e+03   0.000000e+00   5691s
  983340    4.5734466e-03   2.336824e+03   0.000000e+00   5697s
  983699    4.5741739e-03   1.004320e+03   0.000000e+00   5701s
  984417    4.5755312e-03   3.580756e+02   0.000000e+00   5708s
  984776    4.5762854e-03   7.599089e+02   0.000000e+00   5711s
  985494    4.5777470e-03   9.223454e+02   0.000000e+00   5718s
  985853    4.5784291e-03   2.088295e+03   0.000000e+00   5722s
  986212    4.5790796e-03   4.333711e+03   0.000000e+00   5726s
  986930    4.5803301e-03   7.697708e+02   0.000000e+00   5733s
  987289    4.5809164e-03   1.411794e+03   0.000000e+00   5736s
  988007    4.5819918e-03   7.071828e+02   0.000000e+00   5743s
  988366    4.5825138e-03   3.326356e+03   0.000000e+00   5747s
  988725    4.5830571e-03   1.023021e+03   0.000000e+00   5750s
  989443    4.5843857e-03   5.007890e+03   0.000000e+00   5757s
  989802    4.5848491e-03   2.600959e+02   0.000000e+00   5761s
  990520    4.5861711e-03   1.803092e+03   0.000000e+00   5768s
  990879    4.5867393e-03   1.645176e+03   0.000000e+00   5772s
  991238    4.5874051e-03   1.213078e+03   0.000000e+00   5775s
  991956    4.5886245e-03   9.520876e+02   0.000000e+00   5782s
  992315    4.5892911e-03   1.782005e+03   0.000000e+00   5786s
  993033    4.5905113e-03   4.176491e+02   0.000000e+00   5793s
  993392    4.5910202e-03   3.277197e+02   0.000000e+00   5797s
  993751    4.5916321e-03   9.667458e+02   0.000000e+00   5800s
  994469    4.5928435e-03   3.426027e+02   0.000000e+00   5808s
  994828    4.5933380e-03   3.460789e+02   0.000000e+00   5811s
  995546    4.5943192e-03   4.326772e+02   0.000000e+00   5818s
  995905    4.5947804e-03   6.282667e+02   0.000000e+00   5822s
  996264    4.5953263e-03   2.550231e+02   0.000000e+00   5825s
  996982    4.5963453e-03   4.066574e+02   0.000000e+00   5833s
  997341    4.5969621e-03   8.328365e+02   0.000000e+00   5836s
  998059    4.5984737e-03   1.263490e+03   0.000000e+00   5843s
  998418    4.5991019e-03   6.852687e+02   0.000000e+00   5847s
  998777    4.5996863e-03   7.540071e+02   0.000000e+00   5850s
  999495    4.6010020e-03   3.884739e+03   0.000000e+00   5857s
  999854    4.6015742e-03   9.678114e+02   0.000000e+00   5861s
 1000572    4.6028063e-03   1.142088e+03   0.000000e+00   5868s
 1000931    4.6033446e-03   1.236953e+03   0.000000e+00   5872s
 1001290    4.6038256e-03   3.133880e+02   0.000000e+00   5875s
 1002008    4.6049268e-03   7.100071e+02   0.000000e+00   5882s
 1002367    4.6055520e-03   5.933214e+02   0.000000e+00   5886s
 1003085    4.6065638e-03   8.074295e+02   0.000000e+00   5893s
 1003444    4.6071416e-03   4.075499e+02   0.000000e+00   5897s
 1003803    4.6076127e-03   4.458912e+02   0.000000e+00   5900s
 1004521    4.6085972e-03   3.973159e+02   0.000000e+00   5907s
 1004880    4.6091025e-03   1.432936e+03   0.000000e+00   5911s
 1005598    4.6100422e-03   8.552566e+02   0.000000e+00   5918s
 1005957    4.6104806e-03   1.136494e+03   0.000000e+00   5922s
 1006316    4.6109265e-03   3.222797e+03   0.000000e+00   5925s
 1007034    4.6120364e-03   3.862019e+02   0.000000e+00   5932s
 1007393    4.6125785e-03   4.619958e+02   0.000000e+00   5936s
 1008111    4.6134647e-03   3.414128e+02   0.000000e+00   5943s
 1008470    4.6139595e-03   8.099190e+02   0.000000e+00   5947s
 1008829    4.6143720e-03   4.641718e+02   0.000000e+00   5950s
 1009547    4.6154325e-03   1.542339e+03   0.000000e+00   5957s
 1009906    4.6159774e-03   1.770115e+03   0.000000e+00   5961s
 1010624    4.6168612e-03   7.557702e+02   0.000000e+00   5968s
 1010983    4.6173166e-03   3.532693e+03   0.000000e+00   5972s
 1011342    4.6177918e-03   1.012164e+03   0.000000e+00   5975s
 1012060    4.6188430e-03   1.700978e+02   0.000000e+00   5983s
 1012419    4.6192966e-03   2.350838e+02   0.000000e+00   5986s
 1013137    4.6203275e-03   6.873554e+02   0.000000e+00   5994s
 1013496    4.6208757e-03   6.128560e+02   0.000000e+00   5997s
 1013855    4.6213534e-03   2.724791e+03   0.000000e+00   6001s
 1014573    4.6221147e-03   3.090894e+02   0.000000e+00   6008s
 1014932    4.6227304e-03   1.093779e+03   0.000000e+00   6012s
 1015291    4.6231942e-03   2.571030e+02   0.000000e+00   6015s
 1016009    4.6241983e-03   1.780862e+02   0.000000e+00   6023s
 1016368    4.6246614e-03   3.241154e+02   0.000000e+00   6026s
 1017086    4.6260523e-03   2.571961e+02   0.000000e+00   6033s
 1017445    4.6265665e-03   1.130770e+03   0.000000e+00   6037s
 1017804    4.6269174e-03   5.751051e+02   0.000000e+00   6041s
 1018522    4.6277333e-03   8.082696e+02   0.000000e+00   6048s
 1018881    4.6282183e-03   8.984241e+02   0.000000e+00   6052s
 1019240    4.6286915e-03   1.973438e+02   0.000000e+00   6055s
 1019958    4.6304821e-03   1.844720e+03   0.000000e+00   6063s
 1020317    4.6319944e-03   1.003036e+03   0.000000e+00   6066s
 1021035    4.6352216e-03   2.629378e+03   0.000000e+00   6073s
 1021394    4.6374510e-03   6.419029e+03   0.000000e+00   6076s
 1022112    4.6407523e-03   5.632691e+03   0.000000e+00   6083s
 1022471    4.6424404e-03   2.073861e+03   0.000000e+00   6086s
 1023189    4.6452683e-03   1.402009e+04   0.000000e+00   6093s
 1023548    4.6469527e-03   1.768937e+03   0.000000e+00   6097s
 1023907    4.6486032e-03   3.330739e+03   0.000000e+00   6100s
 1024625    4.6520213e-03   2.879729e+03   0.000000e+00   6107s
 1024984    4.6534525e-03   1.824069e+03   0.000000e+00   6111s
 1025702    4.6563086e-03   3.024235e+03   0.000000e+00   6117s
 1026061    4.6581079e-03   9.984238e+03   0.000000e+00   6121s
 1026779    4.6609015e-03   6.228483e+03   0.000000e+00   6128s
 1027138    4.6626468e-03   4.398833e+03   0.000000e+00   6131s
 1027856    4.6663684e-03   2.798485e+03   0.000000e+00   6138s
 1028215    4.6679661e-03   6.630844e+03   0.000000e+00   6142s
 1028574    4.6695775e-03   4.016541e+03   0.000000e+00   6145s
 1029292    4.6727342e-03   5.693704e+03   0.000000e+00   6152s
 1029651    4.6739495e-03   4.855144e+03   0.000000e+00   6156s
 1030369    4.6763305e-03   1.015866e+04   0.000000e+00   6163s
 1030728    4.6774552e-03   2.702559e+03   0.000000e+00   6167s
 1031087    4.6784805e-03   8.834589e+02   0.000000e+00   6170s
 1031805    4.6805518e-03   7.445128e+02   0.000000e+00   6177s
 1032164    4.6816511e-03   1.449944e+04   0.000000e+00   6181s
 1032882    4.6834484e-03   8.810643e+02   0.000000e+00   6188s
 1033241    4.6844081e-03   2.525118e+03   0.000000e+00   6192s
 1033600    4.6854236e-03   3.407965e+02   0.000000e+00   6196s
 1034318    4.6871571e-03   3.532635e+03   0.000000e+00   6203s
 1034677    4.6880764e-03   1.299405e+03   0.000000e+00   6207s
 1035036    4.6888661e-03   4.464754e+03   0.000000e+00   6210s
 1035754    4.6902450e-03   1.612398e+03   0.000000e+00   6218s
 1036113    4.6908915e-03   9.937951e+02   0.000000e+00   6222s
 1036472    4.6914713e-03   2.345933e+03   0.000000e+00   6225s
 1037190    4.6930373e-03   1.075826e+03   0.000000e+00   6233s
 1037549    4.6935901e-03   1.266217e+03   0.000000e+00   6237s
 1037908    4.6941296e-03   1.255080e+03   0.000000e+00   6240s
 1038626    4.6953725e-03   1.691363e+03   0.000000e+00   6248s
 1038985    4.6961105e-03   9.100500e+02   0.000000e+00   6252s
 1039344    4.6967393e-03   4.985342e+03   0.000000e+00   6255s
 1040062    4.6981206e-03   1.577031e+02   0.000000e+00   6263s
 1040421    4.6987380e-03   6.947862e+03   0.000000e+00   6267s
 1040780    4.6992099e-03   6.875761e+02   0.000000e+00   6270s
 1041498    4.7004062e-03   8.542469e+02   0.000000e+00   6278s
 1041857    4.7008335e-03   6.763913e+02   0.000000e+00   6282s
 1042216    4.7012299e-03   2.492731e+03   0.000000e+00   6285s
 1042934    4.7022306e-03   1.962695e+03   0.000000e+00   6293s
 1043293    4.7025475e-03   1.680311e+02   0.000000e+00   6297s
 1043652    4.7028797e-03   2.791628e+02   0.000000e+00   6300s
 1044370    4.7035892e-03   2.208356e+02   0.000000e+00   6308s
 1044729    4.7038934e-03   3.906664e+02   0.000000e+00   6312s
 1045088    4.7042307e-03   2.489165e+02   0.000000e+00   6316s
 1045806    4.7048173e-03   2.644369e+02   0.000000e+00   6323s
 1046165    4.7050120e-03   3.759761e+02   0.000000e+00   6327s
 1046524    4.7051631e-03   1.055614e+02   0.000000e+00   6331s
 1047242    4.7054685e-03   3.949229e+02   0.000000e+00   6339s
 1047601    4.7056061e-03   2.276072e+02   0.000000e+00   6343s
 1047960    4.7057203e-03   2.047556e+02   0.000000e+00   6346s
 1048319    4.7058302e-03   3.638255e+01   0.000000e+00   6350s
 1049037    4.7059801e-03   1.150149e+02   0.000000e+00   6358s
 1049396    4.7060350e-03   9.623540e+01   0.000000e+00   6362s
 1049755    4.7060704e-03   1.134661e+01   0.000000e+00   6366s
 1050136    0.0000000e+00   0.000000e+00   0.000000e+00   6370s

Root relaxation: objective 0.000000e+00, 1050136 iterations, 6367.57 seconds
Total elapsed time = 10067.98s
Total elapsed time = 10584.18s
Total elapsed time = 11660.01s
Total elapsed time = 12451.41s

    Nodes    |    Current Node    |     Objective Bounds      |     Work
 Expl Unexpl |  Obj  Depth IntInf | Incumbent    BestBd   Gap | It/Node Time

     0     0    0.00000    0   63          -    0.00000      -     - 12609s
H    0     0                    670974.00000    0.00000   100%     - 12635s
     0     0    0.00000    0  476 670974.000    0.00000   100%     - 15658s
H    0     0                    7010.0000000    0.00000   100%     - 15703s
     0     0    0.00000    0  681 7010.00000    0.00000   100%     - 18666s
     0     0    0.00000    0  750 7010.00000    0.00000   100%     - 25556s
     0     0    0.00000    0  751 7010.00000    0.00000   100%     - 29710s
     0     0    0.00000    0  232 7010.00000    0.00000   100%     - 43777s
     0     0    0.00000    0  839 7010.00000    0.00000   100%     - 47410s
     0     0    0.00000    0  238 7010.00000    0.00000   100%     - 58023s
     0     0    0.00000    0  970 7010.00000    0.00000   100%     - 62641s
     0     0    0.00000    0  541 7010.00000    0.00000   100%     - 78978s
H    0     0                    6264.0000000    0.00000   100%     - 79001s
     0     0          -    0      6264.00000    0.00000   100%     - 79999s

Cutting planes:
  Gomory: 7
  Cover: 113
  Implied bound: 244
  Clique: 1
  MIR: 296
  Flow cover: 264
  Zero half: 1

Explored 0 nodes (10993867 simplex iterations) in 79999.79 seconds
Thread count was 8 (of 8 available processors)

Solve interrupted
Best objective 6.264000000000e+03, best bound 0.000000000000e+00, gap 100.0000%

Solution:
0 47 26 25 24 23 22 21 20 19 18 17 16 15 14 13 12 11 10 9 8 7 6 5 3 49 48 46 
0 0 0 0 0 0 0 0 0 0 0 0 0 0 0 0 0 0 0 0 0 0 0 0 0 0 0 0 

Cost: 6264
Lower Bound: 0
