Optimize a model with 4841 rows, 65559 columns and 199250 nonzeros
Model has 1560 quadratic objective terms
Model has 1600 quadratic constraints
Coefficient statistics:
  Matrix range    [1e+00, 1e+03]
  Objective range [0e+00, 0e+00]
  Bounds range    [1e+00, 4e+01]
  RHS range       [1e+00, 9e+03]
Presolve removed 159 rows and 4562 columns
Presolve time: 0.29s
Presolved: 239194 rows, 178233 columns, 884417 nonzeros
Variable types: 118796 continuous, 59437 integer (59398 binary)

Root simplex log...

Iteration    Objective       Primal Inf.    Dual Inf.      Time
   38693    5.3000698e+01   6.804378e+03   0.000000e+00      5s
   45247    5.3000772e+01   9.327182e+03   0.000000e+00     10s
   51319    5.3000821e+01   1.617235e+04   0.000000e+00     15s
   56599    5.3000853e+01   1.144916e+04   0.000000e+00     20s
   61087    5.3000872e+01   1.649516e+04   0.000000e+00     25s
   66103    5.3000901e+01   9.322800e+03   0.000000e+00     30s
   70327    5.3000918e+01   7.757261e+03   0.000000e+00     35s
   74287    5.3000929e+01   1.008225e+04   0.000000e+00     40s
   78775    5.3000946e+01   1.611522e+04   0.000000e+00     45s
   82471    5.3000960e+01   2.097202e+04   0.000000e+00     50s
   86695    5.3000976e+01   1.226367e+04   0.000000e+00     55s
   90655    5.3000987e+01   2.008949e+04   0.000000e+00     60s
   94879    5.3001002e+01   6.226765e+04   0.000000e+00     65s
   98575    5.3001013e+01   8.821544e+03   0.000000e+00     70s
  102271    5.3001027e+01   9.116873e+03   0.000000e+00     75s
  106495    5.3001044e+01   9.796518e+03   0.000000e+00     80s
  110191    5.3001056e+01   1.021406e+04   0.000000e+00     85s
  113887    5.3001067e+01   1.347499e+04   0.000000e+00     90s
  117583    5.3001078e+01   9.057352e+03   0.000000e+00     95s
  121279    5.3001090e+01   1.708038e+04   0.000000e+00    100s
  125239    5.3001104e+01   8.073341e+03   0.000000e+00    105s
  128935    5.3001116e+01   3.111018e+04   0.000000e+00    110s
  133159    5.3001130e+01   8.411456e+04   0.000000e+00    115s
  136591    5.3001139e+01   1.893031e+04   0.000000e+00    120s
  140551    5.3001150e+01   2.471946e+04   0.000000e+00    125s
  144247    5.3001160e+01   1.273728e+04   0.000000e+00    130s
  147415    5.3001169e+01   8.430812e+03   0.000000e+00    135s
  150847    5.3001178e+01   9.487746e+03   0.000000e+00    140s
  154543    5.3001187e+01   1.079044e+04   0.000000e+00    145s
  157975    5.3001197e+01   1.508931e+04   0.000000e+00    150s
  161671    5.3001207e+01   4.933270e+03   0.000000e+00    155s
  165103    5.3001215e+01   3.725182e+04   0.000000e+00    160s
  168535    5.3001223e+01   1.363824e+04   0.000000e+00    165s
  171703    5.3001232e+01   4.042379e+04   0.000000e+00    170s
  175399    5.3001243e+01   1.983745e+04   0.000000e+00    175s
  178831    5.3001252e+01   2.283519e+04   0.000000e+00    180s
  182263    5.3001260e+01   3.999559e+04   0.000000e+00    185s
  185695    5.3001268e+01   1.420408e+04   0.000000e+00    190s
  189127    5.3001277e+01   2.748524e+04   0.000000e+00    195s
  192295    5.3001284e+01   2.428989e+04   0.000000e+00    200s
  195463    5.3001292e+01   7.710628e+03   0.000000e+00    205s
  198895    5.3001300e+01   9.923943e+03   0.000000e+00    210s
  202063    5.3001307e+01   1.203892e+04   0.000000e+00    215s
  205231    5.3001314e+01   6.784840e+03   0.000000e+00    220s
  208135    5.3001320e+01   8.938530e+03   0.000000e+00    225s
  211303    5.3001328e+01   1.153034e+04   0.000000e+00    230s
  214471    5.3001401e+01   9.150405e+03   0.000000e+00    235s
  217375    5.3001449e+01   2.420853e+04   0.000000e+00    240s
  221071    5.3001574e+01   1.574693e+04   0.000000e+00    245s
  223711    5.3001605e+01   1.742732e+04   0.000000e+00    250s
  226351    5.3001644e+01   2.278010e+04   0.000000e+00    255s
  228991    5.3001684e+01   1.563766e+04   0.000000e+00    260s
  231895    5.3001758e+01   1.481578e+04   0.000000e+00    265s
  234799    5.3001810e+01   1.718826e+04   0.000000e+00    270s
  237439    5.3001840e+01   8.379731e+03   0.000000e+00    275s
  239551    5.3001854e+01   5.605187e+04   0.000000e+00    280s
  241927    5.3001872e+01   8.221032e+03   0.000000e+00    285s
  244039    5.3001884e+01   8.330335e+03   0.000000e+00    290s
  246415    5.3001898e+01   6.355212e+03   0.000000e+00    295s
  249055    5.3001948e+01   7.987675e+04   0.000000e+00    300s
  251431    5.3001974e+01   1.529550e+04   0.000000e+00    305s
  254071    5.3002016e+01   1.520957e+04   0.000000e+00    310s
  256447    5.3002037e+01   8.692216e+03   0.000000e+00    315s
  258559    5.3002052e+01   3.146632e+04   0.000000e+00    320s
  260935    5.3002080e+01   2.288237e+04   0.000000e+00    325s
  263047    5.3002089e+01   4.091641e+03   0.000000e+00    330s
  265159    5.3002099e+01   1.490807e+04   0.000000e+00    335s
  267007    5.3002106e+01   1.543164e+04   0.000000e+00    340s
  269119    5.3002124e+01   2.144381e+04   0.000000e+00    345s
  271231    5.3002141e+01   4.022831e+03   0.000000e+00    350s
  273343    5.3002152e+01   2.183673e+04   0.000000e+00    355s
  275455    5.3002171e+01   3.452375e+04   0.000000e+00    360s
  277567    5.3002183e+01   4.153263e+03   0.000000e+00    365s
  279679    5.3002193e+01   1.092838e+04   0.000000e+00    370s
  281791    5.3002205e+01   1.241820e+04   0.000000e+00    375s
  284167    5.3002224e+01   3.873133e+04   0.000000e+00    380s
  286543    5.3002239e+01   1.107648e+04   0.000000e+00    386s
  288655    5.3002273e+01   2.010272e+04   0.000000e+00    390s
  290767    5.3002284e+01   2.715102e+04   0.000000e+00    395s
  292879    5.3002291e+01   1.358264e+04   0.000000e+00    401s
  294727    5.3002298e+01   2.204475e+04   0.000000e+00    405s
  296839    5.3002307e+01   1.334898e+04   0.000000e+00    410s
  298951    5.3002314e+01   6.432055e+03   0.000000e+00    415s
  301063    5.3002321e+01   1.075277e+04   0.000000e+00    420s
  303175    5.3002335e+01   4.668814e+03   0.000000e+00    425s
  305287    5.3002346e+01   3.348421e+03   0.000000e+00    430s
  307135    5.3002352e+01   8.896283e+03   0.000000e+00    435s
  309247    5.3002358e+01   1.786783e+04   0.000000e+00    441s
  311095    5.3002364e+01   1.692741e+04   0.000000e+00    445s
  312943    5.3002368e+01   4.534381e+03   0.000000e+00    450s
  315055    5.3002374e+01   4.613113e+03   0.000000e+00    455s
  316903    5.3002379e+01   5.284879e+03   0.000000e+00    460s
  318751    5.3002384e+01   6.167086e+03   0.000000e+00    465s
  320863    5.3002389e+01   2.321318e+03   0.000000e+00    470s
  322711    5.3002394e+01   3.334120e+04   0.000000e+00    475s
  324559    5.3002399e+01   7.482518e+03   0.000000e+00    480s
  326407    5.3002403e+01   1.123104e+04   0.000000e+00    485s
  328519    5.3002409e+01   4.406662e+03   0.000000e+00    491s
  330367    5.3002414e+01   5.214945e+03   0.000000e+00    495s
  332215    5.3002419e+01   3.764732e+03   0.000000e+00    500s
  334327    5.3002424e+01   4.464031e+03   0.000000e+00    506s
  336175    5.3002428e+01   3.584772e+03   0.000000e+00    510s
  338023    5.3002432e+01   5.612902e+03   0.000000e+00    515s
  339871    5.3002437e+01   1.023368e+04   0.000000e+00    520s
  341983    5.3002442e+01   6.634406e+03   0.000000e+00    526s
  343831    5.3002446e+01   6.083977e+03   0.000000e+00    531s
  345679    5.3002513e+01   9.056147e+03   0.000000e+00    535s
  347791    5.3002548e+01   4.878682e+03   0.000000e+00    541s
  349375    5.3002560e+01   5.310130e+03   0.000000e+00    545s
  351223    5.3002571e+01   6.410151e+03   0.000000e+00    551s
  352807    5.3002582e+01   4.859037e+04   0.000000e+00    555s
  354655    5.3002592e+01   5.830677e+03   0.000000e+00    560s
  356239    5.3002599e+01   5.841529e+03   0.000000e+00    565s
  358087    5.3002606e+01   2.666705e+03   0.000000e+00    571s
  359671    5.3002613e+01   1.258669e+04   0.000000e+00    575s
  361519    5.3002621e+01   2.299648e+03   0.000000e+00    581s
  363103    5.3002627e+01   9.269661e+03   0.000000e+00    585s
  364687    5.3002633e+01   3.410301e+03   0.000000e+00    590s
  366535    5.3002639e+01   1.466501e+03   0.000000e+00    596s
  368119    5.3002646e+01   2.593452e+03   0.000000e+00    600s
  369967    5.3002653e+01   3.064225e+03   0.000000e+00    606s
  371551    5.3002660e+01   4.005035e+03   0.000000e+00    610s
  373135    5.3002666e+01   2.925876e+03   0.000000e+00    615s
  374983    5.3002673e+01   4.520532e+03   0.000000e+00    621s
  376567    5.3002689e+01   3.534226e+03   0.000000e+00    625s
  378151    5.3002701e+01   7.305809e+03   0.000000e+00    630s
  379735    5.3002714e+01   3.583081e+03   0.000000e+00    635s
  381319    5.3002725e+01   3.705111e+03   0.000000e+00    640s
  382903    5.3002735e+01   1.012748e+04   0.000000e+00    646s
  384487    5.3002744e+01   2.423024e+03   0.000000e+00    651s
  385807    5.3002752e+01   6.709995e+03   0.000000e+00    655s
  387391    5.3002762e+01   2.469398e+03   0.000000e+00    660s
  388975    5.3002773e+01   1.102145e+04   0.000000e+00    666s
  390559    5.3002781e+01   2.372562e+03   0.000000e+00    671s
  391879    5.3002787e+01   4.832113e+03   0.000000e+00    675s
  393463    5.3002796e+01   8.426065e+03   0.000000e+00    680s
  395047    5.3002802e+01   9.007751e+02   0.000000e+00    686s
  396367    5.3002808e+01   2.944522e+03   0.000000e+00    690s
  397951    5.3002814e+01   4.335982e+03   0.000000e+00    696s
  399271    5.3002818e+01   1.264206e+03   0.000000e+00    700s
  400855    5.3002822e+01   1.306179e+03   0.000000e+00    706s
  402175    5.3002826e+01   3.619509e+03   0.000000e+00    710s
  403759    5.3002829e+01   7.742525e+02   0.000000e+00    715s
  405079    5.3002832e+01   2.842296e+03   0.000000e+00    720s
  406663    5.3002836e+01   1.043847e+03   0.000000e+00    725s
  408247    5.3002838e+01   5.837756e+02   0.000000e+00    731s
  409567    5.3002840e+01   2.951929e+03   0.000000e+00    735s
  411151    5.3002842e+01   7.240571e+02   0.000000e+00    740s
  412735    5.3002844e+01   4.417911e+02   0.000000e+00    746s
  414055    5.3002845e+01   3.302305e+02   0.000000e+00    750s
  415639    5.3002846e+01   1.044346e+02   0.000000e+00    755s
  417223    5.3002846e+01   3.801525e+01   0.000000e+00    760s
  418807    5.3002846e+01   2.279142e+00   0.000000e+00    766s
  419119    5.3000000e+01   0.000000e+00   0.000000e+00    767s

Root relaxation: objective 5.300000e+01, 419119 iterations, 765.54 seconds
Total elapsed time = 837.66s
Total elapsed time = 1062.57s
Total elapsed time = 1126.49s
Total elapsed time = 1162.50s

    Nodes    |    Current Node    |     Objective Bounds      |     Work
 Expl Unexpl |  Obj  Depth IntInf | Incumbent    BestBd   Gap | It/Node Time

     0     0   53.00000    0   53          -   53.00000      -     - 1182s
H    0     0                    419318.00000   53.00000   100%     - 1184s
     0     0   53.00000    0  338 419318.000   53.00000   100%     - 1620s
H    0     0                    5797.0000000   53.00000  99.1%     - 1633s
     0     0   53.00000    0  336 5797.00000   53.00000  99.1%     - 1635s
     0     0   53.00000    0  287 5797.00000   53.00000  99.1%     - 2037s
H    0     0                    3545.0000000   53.00000  98.5%     - 2041s
     0     0   53.00000    0  345 3545.00000   53.00000  98.5%     - 2294s
     0     0   53.00000    0  617 3545.00000   53.00000  98.5%     - 3250s
     0     0   53.00000    0  587 3545.00000   53.00000  98.5%     - 3926s
     0     0   53.00000    0  112 3545.00000   53.00000  98.5%     - 5671s
     0     0   53.00000    0  333 3545.00000   53.00000  98.5%     - 6233s
     0     0   53.00000    0  208 3545.00000   53.00000  98.5%     - 8498s
     0     0   53.00000    0  517 3545.00000   53.00000  98.5%     - 9073s
     0     0   53.00000    0  217 3545.00000   53.00000  98.5%     - 11363s
     0     0   53.00000    0  475 3545.00000   53.00000  98.5%     - 11994s
     0     0   53.00000    0  140 3545.00000   53.00000  98.5%     - 13896s
     0     0   53.00000    0  123 3545.00000   53.00000  98.5%     - 14654s
H    0     0                    2881.0000000   53.00000  98.2%     - 20437s
     0     2   53.00000    0   96 2881.00000   53.00000  98.2%     - 21245s
     1     3   53.00000    1  136 2881.00000   53.00000  98.2% 194751 21262s
     2     4   53.00000    2  115 2881.00000   53.00000  98.2% 99458 21271s
     4     6   53.00000    4  131 2881.00000   53.00000  98.2% 50391 21986s
     6     9   53.00000    5 1184 2881.00000   53.00000  98.2% 115679 23515s
     9    13   53.00000    6  783 2881.00000   53.00000  98.2% 109532 24831s
    13    16   53.00000    7  799 2881.00000   53.00000  98.2% 106519 26019s
    22    26   53.00000    8  598 2881.00000   53.00000  98.2% 73720 27249s
  1751  1752   53.00000   10  280 2881.00000   53.00000  98.2%  1737 29727s
  2337  2338   53.00000   11  246 2881.00000   53.00000  98.2%  1521 32614s
  2428  2429   53.00000   13 1603 2881.00000   53.00000  98.2%  1928 34462s
  2432  2433   53.00000   14 1330 2881.00000   53.00000  98.2%  2152 36468s
  2729  2731   53.00000   15 1247 2881.00000   53.00000  98.2%  2156 38751s
  2736  2734   53.00000   16 1289 2881.00000   53.00000  98.2%  2401 41916s
  2783  2779   53.00000   18 1004 2881.00000   53.00000  98.2%  2660 44068s
  2795  2790   53.00000   20  111 2881.00000   53.00000  98.2%  3080 46661s
  2814  2807   53.00000   21  100 2881.00000   53.00000  98.2%  3241 48763s
  2901  2891   53.00000   24  394 2881.00000   53.00000  98.2%  3350 51326s
  2957  2949   53.00000   26  676 2881.00000   53.00000  98.2%  3580 53531s
  2986  2977   53.00000   30  146 2881.00000   53.00000  98.2%  3947 56721s
  3032  3018   53.00000   31  194 2881.00000   53.00000  98.2%  4123 60241s
  3118  3100   53.00000   33  765 2881.00000   53.00000  98.2%  4310 63207s
  3128  3105   53.00000   35 1282 2881.00000   53.00000  98.2%  4517 67298s
  3140  3117   80.00000   38 1589 2881.00000   53.00000  98.2%  4773 69909s
  3224  3189   53.51250   39 1432 2881.00000   53.00000  98.2%  4872 72958s
  4229  4195   53.53333 1040  649 2881.00000   53.00000  98.2%  3884 76167s
  4526  4476   92.33333 1268  221 2881.00000   53.00000  98.2%  3863 79529s
H 4604  4544                    2345.0000000   53.00000  97.7%  3966 80000s
H 4605  4545                    2066.0000000   53.00000  97.4%  3972 80000s

Cutting planes:
  Gomory: 6
  Cover: 105
  Implied bound: 251
  MIR: 257
  Flow cover: 228
  Zero half: 1

Explored 4609 nodes (23754803 simplex iterations) in 80001.01 seconds
Thread count was 8 (of 8 available processors)

Solve interrupted
Best objective 2.066000000000e+03, best bound 5.300000000000e+01, gap 97.4347%

Solution:
0 35 37 33 39 7 24 10 38 16 5 21 27 36 
0 0 0 0 0 0 0 0 0 0 0 0 0 0 

Cost: 2066
Lower Bound: 53
