Optimize a model with 7551 rows, 127449 columns and 386560 nonzeros
Model has 2450 quadratic objective terms
Model has 2500 quadratic constraints
Coefficient statistics:
  Matrix range    [1e+00, 1e+03]
  Objective range [0e+00, 0e+00]
  Bounds range    [1e+00, 5e+01]
  RHS range       [1e+00, 1e+04]
Presolve removed 199 rows and 7202 columns
Presolve time: 0.75s
Presolved: 473494 rows, 353293 columns, 1756027 nonzeros
Variable types: 235496 continuous, 117797 integer (117748 binary)

Root simplex log...

Iteration    Objective       Primal Inf.    Dual Inf.      Time
   47606    7.2830832e-04   3.364496e+03   0.000000e+00      5s
   70629    5.1001092e+01   7.439206e+03   0.000000e+00     10s
   76714    5.1001151e+01   8.698643e+03   0.000000e+00     15s
   81314    5.1001198e+01   6.566480e+03   0.000000e+00     20s
   86340    5.1001227e+01   7.051781e+03   0.000000e+00     25s
   89930    5.1001247e+01   8.035118e+03   0.000000e+00     30s
   93520    5.1001266e+01   9.119726e+03   0.000000e+00     35s
   97828    5.1001286e+01   3.693345e+04   0.000000e+00     40s
  101059    5.1001298e+01   7.005451e+03   0.000000e+00     45s
  103213    5.1001308e+01   1.191678e+04   0.000000e+00     50s
  106444    5.1001322e+01   7.448271e+03   0.000000e+00     55s
  109316    5.1001339e+01   6.661884e+03   0.000000e+00     60s
  111829    5.1001349e+01   1.355937e+04   0.000000e+00     65s
  115060    5.1001363e+01   1.523646e+04   0.000000e+00     70s
  118291    5.1001374e+01   2.661292e+04   0.000000e+00     76s
  121163    5.1001384e+01   2.018828e+04   0.000000e+00     80s
  124035    5.1001395e+01   8.017796e+03   0.000000e+00     86s
  127266    5.1001406e+01   9.279260e+03   0.000000e+00     90s
  129420    5.1001415e+01   1.279655e+04   0.000000e+00     95s
  132292    5.1001427e+01   1.335352e+04   0.000000e+00    100s
  135882    5.1001438e+01   1.400417e+04   0.000000e+00    105s
  138036    5.1001446e+01   1.157675e+04   0.000000e+00    110s
  140549    5.1001454e+01   1.962555e+04   0.000000e+00    115s
  143421    5.1001461e+01   6.598035e+03   0.000000e+00    120s
  145934    5.1001467e+01   8.901786e+03   0.000000e+00    125s
  147729    5.1001473e+01   2.393004e+04   0.000000e+00    130s
  149883    5.1001478e+01   6.306742e+04   0.000000e+00    135s
  152755    5.1001485e+01   3.230924e+04   0.000000e+00    140s
  155268    5.1001493e+01   2.780377e+04   0.000000e+00    146s
  157781    5.1001501e+01   7.480821e+03   0.000000e+00    150s
  160653    5.1001509e+01   8.903936e+03   0.000000e+00    155s
  162807    5.1001516e+01   7.170505e+03   0.000000e+00    160s
  166038    5.1001525e+01   6.099033e+03   0.000000e+00    166s
  168910    5.1001532e+01   4.963795e+04   0.000000e+00    170s
  171782    5.1001541e+01   6.506934e+04   0.000000e+00    175s
  174654    5.1001548e+01   3.011038e+04   0.000000e+00    181s
  176808    5.1001553e+01   1.954178e+04   0.000000e+00    185s
  179680    5.1001561e+01   5.597651e+03   0.000000e+00    190s
  181475    5.1001564e+01   5.465199e+03   0.000000e+00    195s
  183629    5.1001587e+01   4.828816e+04   0.000000e+00    200s
  186501    5.1001648e+01   1.363086e+04   0.000000e+00    205s
  189732    5.1001749e+01   5.589780e+03   0.000000e+00    210s
  191527    5.1001771e+01   1.850419e+04   0.000000e+00    216s
  192963    5.1001780e+01   4.246060e+04   0.000000e+00    222s
  194040    5.1001787e+01   1.724481e+04   0.000000e+00    226s
  195476    5.1001794e+01   4.325435e+04   0.000000e+00    232s
  196553    5.1001803e+01   4.099512e+04   0.000000e+00    236s
  197630    5.1001811e+01   6.291739e+04   0.000000e+00    240s
  199066    5.1001819e+01   1.084926e+05   0.000000e+00    246s
  200143    5.1001828e+01   5.729327e+04   0.000000e+00    250s
  201579    5.1001835e+01   1.837967e+04   0.000000e+00    256s
  202656    5.1001841e+01   1.855607e+05   0.000000e+00    261s
  204092    5.1001851e+01   5.260188e+04   0.000000e+00    266s
  205528    5.1001863e+01   3.181876e+04   0.000000e+00    271s
  206605    5.1001883e+01   3.581518e+04   0.000000e+00    275s
  208400    5.1001918e+01   1.136411e+05   0.000000e+00    280s
  211272    5.1001999e+01   8.320344e+04   0.000000e+00    286s
  212349    5.1002005e+01   2.409612e+04   0.000000e+00    291s
  213785    5.1002022e+01   1.021112e+04   0.000000e+00    295s
  215939    5.1002076e+01   2.997019e+04   0.000000e+00    300s
  217375    5.1002090e+01   2.848595e+04   0.000000e+00    305s
  218811    5.1002098e+01   5.436456e+04   0.000000e+00    310s
  220606    5.1002127e+01   1.855223e+04   0.000000e+00    315s
  222760    5.1002161e+01   4.320742e+04   0.000000e+00    320s
  224555    5.1002172e+01   2.316442e+04   0.000000e+00    326s
  225991    5.1002184e+01   8.608534e+04   0.000000e+00    332s
  227427    5.1002198e+01   3.570794e+05   0.000000e+00    336s
  228863    5.1002204e+01   2.236559e+04   0.000000e+00    341s
  230658    5.1002220e+01   1.244520e+04   0.000000e+00    346s
  232453    5.1002246e+01   2.332096e+04   0.000000e+00    351s
  234248    5.1002263e+01   7.562371e+04   0.000000e+00    356s
  235325    5.1002272e+01   3.655947e+04   0.000000e+00    360s
  237120    5.1002284e+01   4.851998e+04   0.000000e+00    366s
  238915    5.1002303e+01   1.872022e+04   0.000000e+00    371s
  240710    5.1002327e+01   4.911182e+04   0.000000e+00    376s
  242505    5.1002352e+01   6.931772e+04   0.000000e+00    380s
  244659    5.1002370e+01   2.495310e+04   0.000000e+00    386s
  246454    5.1002405e+01   2.309685e+04   0.000000e+00    391s
  247531    5.1002410e+01   2.799422e+04   0.000000e+00    396s
  248967    5.1002423e+01   2.264828e+05   0.000000e+00    400s
  253275    5.1002506e+01   6.497018e+04   0.000000e+00    405s
  255429    5.1002528e+01   3.321375e+04   0.000000e+00    410s
  257224    5.1002537e+01   1.713691e+05   0.000000e+00    416s
  258301    5.1002542e+01   2.033986e+05   0.000000e+00    421s
  260455    5.1002576e+01   3.985360e+05   0.000000e+00    426s
  261891    5.1002585e+01   3.856073e+04   0.000000e+00    431s
  263327    5.1002597e+01   4.308060e+04   0.000000e+00    435s
  265122    5.1002609e+01   5.389641e+03   0.000000e+00    441s
  266917    5.1002616e+01   3.891615e+04   0.000000e+00    447s
  267994    5.1002627e+01   1.023013e+04   0.000000e+00    451s
  269071    5.1002632e+01   2.160043e+04   0.000000e+00    455s
  270148    5.1002639e+01   4.879307e+04   0.000000e+00    460s
  271584    5.1002645e+01   2.516955e+04   0.000000e+00    467s
  273379    5.1002677e+01   1.437234e+04   0.000000e+00    470s
  275174    5.1002687e+01   1.360420e+04   0.000000e+00    477s
  276251    5.1002694e+01   4.607986e+04   0.000000e+00    481s
  277687    5.1002706e+01   1.488522e+05   0.000000e+00    486s
  278764    5.1002714e+01   1.023859e+05   0.000000e+00    490s
  281636    5.1002752e+01   1.317285e+04   0.000000e+00    495s
  283431    5.1002772e+01   3.721985e+04   0.000000e+00    500s
  284867    5.1002778e+01   1.991700e+04   0.000000e+00    506s
  285944    5.1002782e+01   3.368436e+04   0.000000e+00    510s
  287380    5.1002793e+01   6.047291e+04   0.000000e+00    516s
  288457    5.1002799e+01   6.356151e+04   0.000000e+00    520s
  289893    5.1002806e+01   2.638330e+05   0.000000e+00    526s
  290970    5.1002810e+01   2.135925e+05   0.000000e+00    530s
  292406    5.1002816e+01   3.508144e+05   0.000000e+00    536s
  293842    5.1002821e+01   6.284034e+04   0.000000e+00    542s
  294560    5.1002823e+01   2.944107e+04   0.000000e+00    545s
  295996    5.1002828e+01   6.880350e+04   0.000000e+00    552s
  297073    5.1002837e+01   2.431721e+04   0.000000e+00    556s
  298509    5.1002843e+01   2.329508e+05   0.000000e+00    561s
  299586    5.1002847e+01   1.051929e+05   0.000000e+00    565s
  301022    5.1002886e+01   2.560990e+04   0.000000e+00    570s
  302458    5.1002901e+01   1.446322e+04   0.000000e+00    576s
  303894    5.1002909e+01   1.926644e+04   0.000000e+00    581s
  304971    5.1002914e+01   7.608049e+04   0.000000e+00    585s
  306766    5.1002929e+01   2.428753e+05   0.000000e+00    591s
  308920    5.1002967e+01   6.275449e+05   0.000000e+00    596s
  310715    5.1002975e+01   5.618418e+04   0.000000e+00    601s
  311792    5.1002978e+01   1.359262e+05   0.000000e+00    607s
  312869    5.1002983e+01   6.564329e+04   0.000000e+00    611s
  313946    5.1002987e+01   5.230503e+04   0.000000e+00    616s
  315382    5.1002995e+01   2.115723e+04   0.000000e+00    621s
  316459    5.1003000e+01   5.046376e+04   0.000000e+00    625s
  317895    5.1003012e+01   1.140484e+05   0.000000e+00    631s
  318972    5.1003016e+01   7.532796e+04   0.000000e+00    635s
  320408    5.1003024e+01   6.083236e+04   0.000000e+00    641s
  321485    5.1003029e+01   1.845005e+04   0.000000e+00    646s
  322921    5.1003036e+01   2.789935e+04   0.000000e+00    651s
  323998    5.1003047e+01   2.662551e+04   0.000000e+00    655s
  326152    5.1003094e+01   3.378447e+04   0.000000e+00    662s
  327947    5.1003122e+01   1.559357e+05   0.000000e+00    665s
  329383    5.1003128e+01   1.262238e+05   0.000000e+00    671s
  330460    5.1003132e+01   1.954020e+04   0.000000e+00    675s
  332255    5.1003147e+01   2.613008e+04   0.000000e+00    680s
  333691    5.1003151e+01   2.002580e+04   0.000000e+00    686s
  334768    5.1003155e+01   6.172016e+04   0.000000e+00    691s
  336922    5.1003186e+01   1.201428e+04   0.000000e+00    696s
  338717    5.1003199e+01   7.662602e+04   0.000000e+00    701s
  340153    5.1003213e+01   8.447881e+03   0.000000e+00    705s
  341948    5.1003219e+01   6.793371e+04   0.000000e+00    712s
  343025    5.1003223e+01   3.771153e+04   0.000000e+00    715s
  344102    5.1003226e+01   7.871856e+04   0.000000e+00    720s
  345897    5.1003233e+01   2.238762e+04   0.000000e+00    726s
  346974    5.1003236e+01   9.035238e+04   0.000000e+00    731s
  348410    5.1003242e+01   1.107586e+04   0.000000e+00    735s
  349846    5.1003250e+01   1.367689e+04   0.000000e+00    741s
  350923    5.1003252e+01   3.624260e+04   0.000000e+00    747s
  351641    5.1003253e+01   1.067953e+04   0.000000e+00    750s
  352718    5.1003256e+01   2.228768e+04   0.000000e+00    755s
  353795    5.1003260e+01   1.053592e+05   0.000000e+00    760s
  355949    5.1003278e+01   1.029010e+04   0.000000e+00    766s
  357026    5.1003285e+01   7.570828e+03   0.000000e+00    770s
  358462    5.1003292e+01   7.675655e+04   0.000000e+00    775s
  359539    5.1003295e+01   4.249160e+04   0.000000e+00    780s
  360616    5.1003297e+01   6.061362e+03   0.000000e+00    785s
  361693    5.1003300e+01   1.172581e+04   0.000000e+00    790s
  362770    5.1003304e+01   5.748934e+03   0.000000e+00    795s
  363847    5.1003307e+01   1.423241e+04   0.000000e+00    800s
  365283    5.1003316e+01   5.975580e+03   0.000000e+00    806s
  366360    5.1003320e+01   1.094371e+04   0.000000e+00    811s
  367437    5.1003322e+01   1.441156e+04   0.000000e+00    816s
  368514    5.1003329e+01   1.287430e+04   0.000000e+00    821s
  370309    5.1003354e+01   7.559445e+03   0.000000e+00    826s
  371745    5.1003359e+01   7.891341e+04   0.000000e+00    831s
  372463    5.1003361e+01   1.653391e+04   0.000000e+00    835s
  373540    5.1003364e+01   2.117638e+04   0.000000e+00    841s
  374617    5.1003367e+01   2.359266e+04   0.000000e+00    846s
  375694    5.1003370e+01   2.089220e+04   0.000000e+00    851s
  376771    5.1003373e+01   7.994002e+04   0.000000e+00    856s
  377848    5.1003376e+01   3.453977e+04   0.000000e+00    861s
  379284    5.1003387e+01   8.489610e+03   0.000000e+00    865s
  380720    5.1003394e+01   5.727578e+03   0.000000e+00    871s
  381797    5.1003399e+01   1.211611e+04   0.000000e+00    877s
  382874    5.1003404e+01   2.415246e+04   0.000000e+00    881s
  383951    5.1003406e+01   1.616661e+04   0.000000e+00    886s
  384669    5.1003408e+01   2.652240e+04   0.000000e+00    890s
  385746    5.1003411e+01   7.827350e+04   0.000000e+00    895s
  386823    5.1003413e+01   9.420504e+03   0.000000e+00    901s
  387541    5.1003414e+01   5.170421e+03   0.000000e+00    905s
  388977    5.1003418e+01   1.154939e+04   0.000000e+00    911s
  390054    5.1003426e+01   1.894766e+04   0.000000e+00    915s
  391131    5.1003429e+01   6.397895e+03   0.000000e+00    921s
  392208    5.1003431e+01   1.353579e+04   0.000000e+00    927s
  392926    5.1003432e+01   4.786888e+04   0.000000e+00    930s
  394003    5.1003465e+01   4.057391e+03   0.000000e+00    935s
  395080    5.1003483e+01   1.837593e+04   0.000000e+00    940s
  396516    5.1003512e+01   1.914931e+04   0.000000e+00    946s
  397952    5.1003540e+01   3.461230e+04   0.000000e+00    951s
  399029    5.1003558e+01   5.867897e+04   0.000000e+00    955s
  400465    5.1003583e+01   5.022417e+04   0.000000e+00    961s
  401901    5.1003606e+01   3.546052e+04   0.000000e+00    966s
  403337    5.1003636e+01   1.356767e+04   0.000000e+00    971s
  404414    5.1003652e+01   2.819869e+04   0.000000e+00    976s
  405491    5.1003668e+01   3.378005e+04   0.000000e+00    980s
  406927    5.1003726e+01   2.433798e+04   0.000000e+00    986s
  408004    5.1003738e+01   1.709140e+04   0.000000e+00    991s
  409081    5.1003750e+01   3.389207e+05   0.000000e+00    996s
  410158    5.1003761e+01   5.038675e+04   0.000000e+00   1001s
  411235    5.1003774e+01   6.886772e+04   0.000000e+00   1006s
  412312    5.1003789e+01   2.268798e+04   0.000000e+00   1011s
  414107    5.1003833e+01   1.421160e+05   0.000000e+00   1015s
  415902    5.1003908e+01   1.621522e+04   0.000000e+00   1021s
  416979    5.1003923e+01   1.605391e+04   0.000000e+00   1027s
  417697    5.1003932e+01   1.688695e+04   0.000000e+00   1030s
  419133    5.1003946e+01   1.012816e+04   0.000000e+00   1037s
  419851    5.1003959e+01   3.183250e+04   0.000000e+00   1041s
  420928    5.1003968e+01   3.917765e+04   0.000000e+00   1046s
  422005    5.1003976e+01   5.776696e+04   0.000000e+00   1051s
  423082    5.1003986e+01   1.336611e+04   0.000000e+00   1055s
  424159    5.1003995e+01   6.665885e+04   0.000000e+00   1061s
  425236    5.1004014e+01   6.868103e+04   0.000000e+00   1065s
  427031    5.1004151e+01   3.649653e+04   0.000000e+00   1070s
  428108    5.1004161e+01   1.137708e+06   0.000000e+00   1075s
  429185    5.1004171e+01   8.229395e+04   0.000000e+00   1080s
  430621    5.1004187e+01   1.192792e+04   0.000000e+00   1086s
  432416    5.1004328e+01   2.779244e+04   0.000000e+00   1091s
  433493    5.1004338e+01   1.403925e+04   0.000000e+00   1097s
  434211    5.1004347e+01   7.527574e+04   0.000000e+00   1100s
  436365    5.1004484e+01   1.043836e+05   0.000000e+00   1106s
  437442    5.1004496e+01   1.951557e+04   0.000000e+00   1111s
  438519    5.1004505e+01   5.293297e+04   0.000000e+00   1116s
  439596    5.1004521e+01   9.375344e+04   0.000000e+00   1121s
  440673    5.1004530e+01   1.233481e+04   0.000000e+00   1127s
  441391    5.1004535e+01   5.040038e+04   0.000000e+00   1131s
  442109    5.1004540e+01   2.883666e+04   0.000000e+00   1136s
  443186    5.1004549e+01   2.276748e+04   0.000000e+00   1141s
  443904    5.1004553e+01   2.932607e+04   0.000000e+00   1146s
  444622    5.1004560e+01   9.704084e+03   0.000000e+00   1151s
  445699    5.1004568e+01   2.536676e+04   0.000000e+00   1157s
  446417    5.1004575e+01   7.098117e+04   0.000000e+00   1160s
  447494    5.1004583e+01   1.723367e+04   0.000000e+00   1166s
  448571    5.1004591e+01   1.692141e+05   0.000000e+00   1171s
  449648    5.1004604e+01   2.547079e+05   0.000000e+00   1176s
  451802    5.1004716e+01   3.204863e+04   0.000000e+00   1181s
  452879    5.1004731e+01   2.062659e+04   0.000000e+00   1186s
  453956    5.1004745e+01   1.535358e+04   0.000000e+00   1191s
  455033    5.1004767e+01   9.398577e+03   0.000000e+00   1197s
  456110    5.1004775e+01   3.739200e+04   0.000000e+00   1201s
  457187    5.1004782e+01   2.435735e+04   0.000000e+00   1207s
  457905    5.1004786e+01   1.059679e+04   0.000000e+00   1212s
  458623    5.1004795e+01   3.104309e+04   0.000000e+00   1217s
  459341    5.1004799e+01   1.327556e+05   0.000000e+00   1221s
  460059    5.1004806e+01   3.075334e+04   0.000000e+00   1226s
  460777    5.1004812e+01   7.669709e+03   0.000000e+00   1230s
  461854    5.1004819e+01   7.282845e+03   0.000000e+00   1237s
  462572    5.1004831e+01   1.141129e+04   0.000000e+00   1241s
  463290    5.1004837e+01   1.947313e+04   0.000000e+00   1245s
  464367    5.1004845e+01   2.474874e+04   0.000000e+00   1252s
  465085    5.1004851e+01   2.272959e+04   0.000000e+00   1255s
  466162    5.1004861e+01   1.148966e+05   0.000000e+00   1261s
  467239    5.1004882e+01   2.767587e+04   0.000000e+00   1266s
  468675    5.1004976e+01   1.578169e+05   0.000000e+00   1271s
  470111    5.1005038e+01   4.102686e+04   0.000000e+00   1275s
  471188    5.1005055e+01   1.906227e+04   0.000000e+00   1280s
  472265    5.1005062e+01   8.267715e+04   0.000000e+00   1285s
  472983    5.1005065e+01   2.498338e+04   0.000000e+00   1290s
  474060    5.1005083e+01   9.115194e+04   0.000000e+00   1296s
  475137    5.1005091e+01   2.369699e+04   0.000000e+00   1302s
  475855    5.1005096e+01   8.490784e+03   0.000000e+00   1306s
  476573    5.1005104e+01   1.022749e+04   0.000000e+00   1310s
  477650    5.1005120e+01   1.265094e+04   0.000000e+00   1316s
  478368    5.1005124e+01   1.501310e+04   0.000000e+00   1321s
  479445    5.1005132e+01   1.205642e+04   0.000000e+00   1327s
  480163    5.1005135e+01   1.097741e+04   0.000000e+00   1331s
  480881    5.1005143e+01   7.132680e+03   0.000000e+00   1336s
  481599    5.1005147e+01   8.417196e+03   0.000000e+00   1341s
  482317    5.1005153e+01   8.435896e+03   0.000000e+00   1346s
  483035    5.1005168e+01   6.708002e+03   0.000000e+00   1350s
  484112    5.1005174e+01   1.990209e+04   0.000000e+00   1357s
  484830    5.1005177e+01   7.972353e+03   0.000000e+00   1362s
  485548    5.1005181e+01   5.232013e+03   0.000000e+00   1366s
  486266    5.1005184e+01   1.240546e+04   0.000000e+00   1370s
  487343    5.1005190e+01   1.879101e+04   0.000000e+00   1378s
  488061    5.1005193e+01   6.880786e+03   0.000000e+00   1382s
  488779    5.1005212e+01   2.782042e+04   0.000000e+00   1386s
  489856    5.1005218e+01   1.072300e+04   0.000000e+00   1392s
  490574    5.1005221e+01   8.032978e+03   0.000000e+00   1396s
  491292    5.1005225e+01   7.377642e+03   0.000000e+00   1401s
  492010    5.1005230e+01   8.480882e+03   0.000000e+00   1405s
  493087    5.1005237e+01   9.664837e+03   0.000000e+00   1412s
  493805    5.1005242e+01   1.232363e+04   0.000000e+00   1416s
  494523    5.1005246e+01   1.330695e+04   0.000000e+00   1421s
  495241    5.1005250e+01   8.558108e+03   0.000000e+00   1425s
  495959    5.1005254e+01   2.565780e+04   0.000000e+00   1430s
  496677    5.1005256e+01   6.708432e+03   0.000000e+00   1436s
  497395    5.1005271e+01   5.435521e+03   0.000000e+00   1441s
  498113    5.1005288e+01   1.525057e+04   0.000000e+00   1446s
  498831    5.1005291e+01   2.563130e+04   0.000000e+00   1451s
  499549    5.1005293e+01   1.527693e+04   0.000000e+00   1457s
  500267    5.1005296e+01   5.062270e+03   0.000000e+00   1462s
  500626    5.1005297e+01   7.968292e+03   0.000000e+00   1465s
  501344    5.1005299e+01   7.392275e+03   0.000000e+00   1471s
  502062    5.1005303e+01   3.922249e+03   0.000000e+00   1476s
  502780    5.1005305e+01   1.104575e+04   0.000000e+00   1482s
  503139    5.1005307e+01   3.249999e+04   0.000000e+00   1485s
  503857    5.1005309e+01   4.410089e+03   0.000000e+00   1491s
  504575    5.1005311e+01   1.048862e+04   0.000000e+00   1497s
  504934    5.1005313e+01   1.945852e+04   0.000000e+00   1500s
  505652    5.1005315e+01   2.081098e+04   0.000000e+00   1506s
  506370    5.1005318e+01   1.159448e+04   0.000000e+00   1512s
  507088    5.1005343e+01   8.159048e+03   0.000000e+00   1517s
  507447    5.1005345e+01   3.250203e+04   0.000000e+00   1520s
  508165    5.1005361e+01   1.968579e+04   0.000000e+00   1526s
  508883    5.1005365e+01   2.007459e+04   0.000000e+00   1531s
  509601    5.1005368e+01   6.931566e+03   0.000000e+00   1537s
  510319    5.1005371e+01   5.371267e+03   0.000000e+00   1542s
  511037    5.1005373e+01   6.324651e+03   0.000000e+00   1548s
  511396    5.1005374e+01   3.848924e+03   0.000000e+00   1551s
  512114    5.1005377e+01   7.997298e+03   0.000000e+00   1557s
  512832    5.1005380e+01   2.019568e+04   0.000000e+00   1562s
  513191    5.1005381e+01   3.689247e+03   0.000000e+00   1565s
  513909    5.1005383e+01   3.729482e+03   0.000000e+00   1571s
  514627    5.1005386e+01   2.891155e+03   0.000000e+00   1577s
  515345    5.1005392e+01   5.705387e+03   0.000000e+00   1583s
  515704    5.1005427e+01   8.850410e+03   0.000000e+00   1585s
  516422    5.1005430e+01   1.445860e+04   0.000000e+00   1591s
  517140    5.1005432e+01   1.405184e+04   0.000000e+00   1597s
  517858    5.1005435e+01   1.103729e+04   0.000000e+00   1603s
  518217    5.1005436e+01   1.613624e+04   0.000000e+00   1606s
  518935    5.1005439e+01   7.096767e+03   0.000000e+00   1611s
  519653    5.1005442e+01   2.399031e+04   0.000000e+00   1617s
  520371    5.1005445e+01   6.580697e+03   0.000000e+00   1623s
  520730    5.1005446e+01   2.938327e+03   0.000000e+00   1625s
  521448    5.1005448e+01   1.445099e+04   0.000000e+00   1630s
  522166    5.1005453e+01   1.501321e+04   0.000000e+00   1635s
  522884    5.1005482e+01   1.031170e+04   0.000000e+00   1640s
  523602    5.1005484e+01   7.504846e+03   0.000000e+00   1647s
  524320    5.1005487e+01   1.612792e+04   0.000000e+00   1652s
  524679    5.1005491e+01   6.153410e+03   0.000000e+00   1655s
  525397    5.1005494e+01   4.280037e+03   0.000000e+00   1660s
  526115    5.1005497e+01   2.535305e+04   0.000000e+00   1666s
  526833    5.1005499e+01   1.366637e+04   0.000000e+00   1672s
  527551    5.1005501e+01   5.444854e+03   0.000000e+00   1678s
  527910    5.1005502e+01   1.448189e+04   0.000000e+00   1681s
  528628    5.1005504e+01   3.030080e+03   0.000000e+00   1687s
  528987    5.1005505e+01   1.212786e+04   0.000000e+00   1690s
  529705    5.1005507e+01   4.053786e+03   0.000000e+00   1696s
  530423    5.1005517e+01   2.367167e+04   0.000000e+00   1702s
  531141    5.1005519e+01   2.830930e+03   0.000000e+00   1708s
  531500    5.1005520e+01   4.620365e+03   0.000000e+00   1711s
  532218    5.1005522e+01   1.229448e+04   0.000000e+00   1717s
  532936    5.1005523e+01   7.214704e+03   0.000000e+00   1723s
  533295    5.1005524e+01   2.372912e+03   0.000000e+00   1726s
  534013    5.1005527e+01   4.417822e+03   0.000000e+00   1732s
  534731    5.1005529e+01   6.035503e+03   0.000000e+00   1738s
  535090    5.1005530e+01   2.922520e+03   0.000000e+00   1741s
  535808    5.1005532e+01   2.767583e+03   0.000000e+00   1747s
  536526    5.1005534e+01   8.166948e+03   0.000000e+00   1753s
  536885    5.1005535e+01   1.432988e+04   0.000000e+00   1756s
  537603    5.1005537e+01   5.940295e+03   0.000000e+00   1762s
  538321    5.1005539e+01   1.315977e+04   0.000000e+00   1768s
  538680    5.1005540e+01   2.930262e+03   0.000000e+00   1771s
  539398    5.1005599e+01   3.810422e+03   0.000000e+00   1777s
  540116    5.1005601e+01   5.496884e+03   0.000000e+00   1783s
  540475    5.1005602e+01   2.569680e+03   0.000000e+00   1786s
  541193    5.1005604e+01   2.692038e+03   0.000000e+00   1791s
  541911    5.1005606e+01   7.439550e+03   0.000000e+00   1797s
  542270    5.1005607e+01   2.369924e+03   0.000000e+00   1800s
  542988    5.1005608e+01   2.330719e+03   0.000000e+00   1806s
  543706    5.1005610e+01   4.204763e+03   0.000000e+00   1812s
  544424    5.1005612e+01   8.425133e+03   0.000000e+00   1818s
  544783    5.1005612e+01   7.439449e+03   0.000000e+00   1821s
  545501    5.1005614e+01   4.194578e+03   0.000000e+00   1827s
  545860    5.1005614e+01   4.160851e+03   0.000000e+00   1830s
  546578    5.1005616e+01   3.830317e+03   0.000000e+00   1837s
  547296    5.1005618e+01   2.192608e+03   0.000000e+00   1843s
  547655    5.1005618e+01   4.054142e+03   0.000000e+00   1846s
  548373    5.1005620e+01   5.441988e+03   0.000000e+00   1852s
  549091    5.1005623e+01   3.786566e+03   0.000000e+00   1858s
  549450    5.1005624e+01   2.247808e+04   0.000000e+00   1861s
  550168    5.1005625e+01   4.944277e+03   0.000000e+00   1867s
  550886    5.1005627e+01   7.837231e+03   0.000000e+00   1872s
  551245    5.1005628e+01   1.185988e+04   0.000000e+00   1875s
  551963    5.1005630e+01   1.414916e+04   0.000000e+00   1881s
  552681    5.1005632e+01   2.059499e+03   0.000000e+00   1887s
  553399    5.1005633e+01   1.101354e+04   0.000000e+00   1893s
  553758    5.1005634e+01   3.081933e+03   0.000000e+00   1896s
  554476    5.1005636e+01   3.634283e+03   0.000000e+00   1902s
  555194    5.1005638e+01   3.210068e+03   0.000000e+00   1908s
  555553    5.1005639e+01   3.862052e+03   0.000000e+00   1911s
  556271    5.1005640e+01   3.595755e+03   0.000000e+00   1917s
  556989    5.1005642e+01   2.869678e+03   0.000000e+00   1923s
  557348    5.1005643e+01   5.096596e+03   0.000000e+00   1926s
  558066    5.1005644e+01   2.731664e+03   0.000000e+00   1932s
  558425    5.1005645e+01   4.208128e+03   0.000000e+00   1935s
  559143    5.1005647e+01   5.795247e+03   0.000000e+00   1941s
  559861    5.1005649e+01   6.681561e+03   0.000000e+00   1947s
  560579    5.1005650e+01   8.907207e+03   0.000000e+00   1953s
  560938    5.1005651e+01   4.348622e+03   0.000000e+00   1956s
  561656    5.1005653e+01   2.172297e+03   0.000000e+00   1962s
  562374    5.1005655e+01   6.771130e+03   0.000000e+00   1968s
  562733    5.1005656e+01   6.773691e+03   0.000000e+00   1971s
  563451    5.1005657e+01   2.316598e+03   0.000000e+00   1977s
  564169    5.1005659e+01   5.110724e+03   0.000000e+00   1983s
  564528    5.1005660e+01   4.816264e+03   0.000000e+00   1986s
  565246    5.1005661e+01   2.102475e+03   0.000000e+00   1992s
  565605    5.1005662e+01   3.843803e+03   0.000000e+00   1996s
  566323    5.1005664e+01   2.375846e+03   0.000000e+00   2002s
  567041    5.1005665e+01   5.502960e+03   0.000000e+00   2008s
  567400    5.1005666e+01   3.119760e+03   0.000000e+00   2011s
  568118    5.1005669e+01   6.963409e+03   0.000000e+00   2017s
  568836    5.1005671e+01   9.952671e+03   0.000000e+00   2023s
  569195    5.1005672e+01   5.175079e+03   0.000000e+00   2026s
  569913    5.1005674e+01   1.875532e+03   0.000000e+00   2032s
  570631    5.1005676e+01   1.442358e+03   0.000000e+00   2038s
  570990    5.1005676e+01   4.662660e+03   0.000000e+00   2041s
  571708    5.1005678e+01   2.541583e+03   0.000000e+00   2047s
  572067    5.1005678e+01   2.014375e+03   0.000000e+00   2050s
  572785    5.1005680e+01   1.666291e+04   0.000000e+00   2056s
  573503    5.1005682e+01   5.083759e+04   0.000000e+00   2062s
  573862    5.1005683e+01   1.425983e+04   0.000000e+00   2065s
  574580    5.1005685e+01   3.546483e+03   0.000000e+00   2071s
  575298    5.1005687e+01   2.257788e+03   0.000000e+00   2077s
  576016    5.1005688e+01   1.170791e+03   0.000000e+00   2083s
  576375    5.1005689e+01   1.908683e+03   0.000000e+00   2086s
  577093    5.1005691e+01   2.813566e+03   0.000000e+00   2092s
  577811    5.1005693e+01   1.186185e+03   0.000000e+00   2098s
  578170    5.1005694e+01   5.307112e+03   0.000000e+00   2101s
  578888    5.1005695e+01   5.216721e+03   0.000000e+00   2107s
  579606    5.1005697e+01   2.706847e+04   0.000000e+00   2113s
  579965    5.1005697e+01   2.322436e+04   0.000000e+00   2116s
  580683    5.1005699e+01   1.553726e+04   0.000000e+00   2122s
  581042    5.1005700e+01   2.574262e+04   0.000000e+00   2125s
  581760    5.1005701e+01   1.567226e+03   0.000000e+00   2131s
  582478    5.1005703e+01   1.974609e+03   0.000000e+00   2137s
  582837    5.1005704e+01   2.592788e+03   0.000000e+00   2140s
  583555    5.1005705e+01   1.084965e+04   0.000000e+00   2146s
  584273    5.1005707e+01   5.444102e+03   0.000000e+00   2152s
  584632    5.1005708e+01   2.335140e+03   0.000000e+00   2155s
  585350    5.1005709e+01   2.738208e+03   0.000000e+00   2162s
  586068    5.1005711e+01   2.425313e+03   0.000000e+00   2168s
  586427    5.1005712e+01   4.151898e+03   0.000000e+00   2171s
  587145    5.1005713e+01   7.085541e+03   0.000000e+00   2177s
  587504    5.1005714e+01   1.880436e+03   0.000000e+00   2180s
  588222    5.1005715e+01   2.730322e+03   0.000000e+00   2186s
  588940    5.1005717e+01   2.461338e+03   0.000000e+00   2192s
  589299    5.1005718e+01   4.294327e+03   0.000000e+00   2195s
  590017    5.1005719e+01   2.720666e+03   0.000000e+00   2202s
  590735    5.1005721e+01   1.969370e+03   0.000000e+00   2208s
  591094    5.1005722e+01   2.571754e+03   0.000000e+00   2211s
  591812    5.1005723e+01   1.947863e+03   0.000000e+00   2217s
  592530    5.1005725e+01   2.509986e+03   0.000000e+00   2223s
  592889    5.1005726e+01   3.426219e+03   0.000000e+00   2226s
  593607    5.1005727e+01   3.621288e+03   0.000000e+00   2232s
  594325    5.1005729e+01   1.662600e+03   0.000000e+00   2237s
  595043    5.1005730e+01   1.818221e+03   0.000000e+00   2243s
  595402    5.1005731e+01   1.818455e+03   0.000000e+00   2246s
  596120    5.1005732e+01   2.692964e+03   0.000000e+00   2252s
  596838    5.1005734e+01   2.246676e+03   0.000000e+00   2258s
  597197    5.1005734e+01   6.130924e+03   0.000000e+00   2261s
  597915    5.1005736e+01   3.495548e+03   0.000000e+00   2267s
  598633    5.1005738e+01   3.396137e+03   0.000000e+00   2273s
  598992    5.1005739e+01   7.914745e+03   0.000000e+00   2276s
  599710    5.1005740e+01   1.775020e+03   0.000000e+00   2282s
  600069    5.1005741e+01   3.266048e+03   0.000000e+00   2285s
  600787    5.1005742e+01   3.727428e+03   0.000000e+00   2291s
  601505    5.1005744e+01   5.001815e+03   0.000000e+00   2298s
  601864    5.1005744e+01   1.658293e+03   0.000000e+00   2301s
  602582    5.1005746e+01   4.415807e+03   0.000000e+00   2307s
  602941    5.1005747e+01   6.126151e+03   0.000000e+00   2310s
  603659    5.1005748e+01   1.524154e+03   0.000000e+00   2316s
  604377    5.1005750e+01   3.307161e+03   0.000000e+00   2322s
  604736    5.1005750e+01   4.918846e+03   0.000000e+00   2326s
  605454    5.1005752e+01   2.891532e+03   0.000000e+00   2332s
  606172    5.1005753e+01   2.319034e+03   0.000000e+00   2338s
  606531    5.1005753e+01   1.613239e+03   0.000000e+00   2341s
  607249    5.1005755e+01   2.698269e+03   0.000000e+00   2347s
  607608    5.1005755e+01   1.915141e+03   0.000000e+00   2351s
  608326    5.1005757e+01   1.721555e+03   0.000000e+00   2357s
  609044    5.1005758e+01   3.227296e+03   0.000000e+00   2363s
  609403    5.1005759e+01   1.312944e+04   0.000000e+00   2366s
  610121    5.1005760e+01   1.655624e+03   0.000000e+00   2372s
  610480    5.1005761e+01   4.896105e+03   0.000000e+00   2375s
  611198    5.1005762e+01   4.044795e+03   0.000000e+00   2382s
  611916    5.1005763e+01   1.590680e+03   0.000000e+00   2388s
  612275    5.1005764e+01   2.859312e+03   0.000000e+00   2391s
  612993    5.1005766e+01   3.486243e+03   0.000000e+00   2397s
  613352    5.1005766e+01   5.549116e+03   0.000000e+00   2401s
  614070    5.1005768e+01   8.018574e+03   0.000000e+00   2407s
  614788    5.1005769e+01   2.236909e+03   0.000000e+00   2413s
  615147    5.1005769e+01   3.509675e+03   0.000000e+00   2416s
  615865    5.1005771e+01   3.067355e+03   0.000000e+00   2422s
  616224    5.1005772e+01   4.790644e+04   0.000000e+00   2425s
  616942    5.1005773e+01   8.657351e+03   0.000000e+00   2432s
  617660    5.1005774e+01   1.945567e+03   0.000000e+00   2438s
  618019    5.1005775e+01   6.876843e+03   0.000000e+00   2441s
  618737    5.1005776e+01   1.232264e+03   0.000000e+00   2447s
  619096    5.1005777e+01   4.811079e+03   0.000000e+00   2450s
  619814    5.1005778e+01   4.031895e+03   0.000000e+00   2456s
  620532    5.1005779e+01   2.269439e+03   0.000000e+00   2463s
  620891    5.1005782e+01   4.978150e+03   0.000000e+00   2466s
  621609    5.1005783e+01   5.963293e+04   0.000000e+00   2472s
  622327    5.1005785e+01   6.028305e+03   0.000000e+00   2477s
  622686    5.1005786e+01   2.116719e+03   0.000000e+00   2480s
  623404    5.1005787e+01   2.297789e+03   0.000000e+00   2487s
  624122    5.1005789e+01   1.194554e+03   0.000000e+00   2493s
  624481    5.1005789e+01   3.711043e+03   0.000000e+00   2496s
  625199    5.1005791e+01   1.565248e+03   0.000000e+00   2502s
  625558    5.1005791e+01   2.853591e+03   0.000000e+00   2505s
  626276    5.1005794e+01   2.042988e+03   0.000000e+00   2511s
  626994    5.1005795e+01   6.652596e+03   0.000000e+00   2517s
  627712    5.1005797e+01   1.937021e+03   0.000000e+00   2522s
  628071    5.1005797e+01   3.673454e+03   0.000000e+00   2526s
  628789    5.1005799e+01   1.653030e+04   0.000000e+00   2532s
  629507    5.1005800e+01   2.096759e+03   0.000000e+00   2538s
  629866    5.1005801e+01   8.287415e+03   0.000000e+00   2541s
  630584    5.1005802e+01   6.244398e+03   0.000000e+00   2547s
  630943    5.1005803e+01   5.081191e+03   0.000000e+00   2550s
  631661    5.1005804e+01   1.435043e+03   0.000000e+00   2556s
  632379    5.1005806e+01   8.297378e+03   0.000000e+00   2563s
  632738    5.1005807e+01   2.921379e+03   0.000000e+00   2565s
  633456    5.1005809e+01   8.599181e+03   0.000000e+00   2571s
  634174    5.1005810e+01   2.404505e+03   0.000000e+00   2577s
  634533    5.1005811e+01   2.411209e+03   0.000000e+00   2580s
  635251    5.1005812e+01   1.575108e+03   0.000000e+00   2586s
  635969    5.1005814e+01   2.745032e+03   0.000000e+00   2592s
  636328    5.1005819e+01   9.412997e+03   0.000000e+00   2595s
  637046    5.1005821e+01   1.025013e+04   0.000000e+00   2601s
  637764    5.1005823e+01   9.924571e+03   0.000000e+00   2607s
  638482    5.1005824e+01   2.775122e+04   0.000000e+00   2613s
  638841    5.1005825e+01   6.234264e+03   0.000000e+00   2615s
  639559    5.1005826e+01   4.662094e+03   0.000000e+00   2622s
  640277    5.1005828e+01   5.527721e+03   0.000000e+00   2628s
  640636    5.1005829e+01   2.934836e+03   0.000000e+00   2631s
  641354    5.1005830e+01   2.336096e+03   0.000000e+00   2638s
  641713    5.1005831e+01   9.611891e+04   0.000000e+00   2640s
  642431    5.1005832e+01   1.570972e+03   0.000000e+00   2646s
  643149    5.1005834e+01   3.829673e+03   0.000000e+00   2653s
  643508    5.1005834e+01   3.008632e+03   0.000000e+00   2656s
  644226    5.1005836e+01   3.269009e+03   0.000000e+00   2662s
  644944    5.1005837e+01   2.750107e+03   0.000000e+00   2668s
  645303    5.1005837e+01   2.559178e+04   0.000000e+00   2671s
  646021    5.1005839e+01   6.863293e+03   0.000000e+00   2677s
  646380    5.1005839e+01   5.601456e+03   0.000000e+00   2681s
  647098    5.1005841e+01   3.167400e+03   0.000000e+00   2687s
  647457    5.1005842e+01   1.118983e+03   0.000000e+00   2690s
  648175    5.1005843e+01   1.362159e+03   0.000000e+00   2696s
  648893    5.1005844e+01   1.820632e+03   0.000000e+00   2703s
  649252    5.1005845e+01   5.373125e+03   0.000000e+00   2706s
  649970    5.1005846e+01   2.659904e+03   0.000000e+00   2712s
  650329    5.1005847e+01   2.771928e+03   0.000000e+00   2715s
  651047    5.1005848e+01   3.302071e+03   0.000000e+00   2722s
  651765    5.1005849e+01   2.221321e+03   0.000000e+00   2728s
  652124    5.1005850e+01   8.950378e+02   0.000000e+00   2731s
  652842    5.1005851e+01   3.005771e+03   0.000000e+00   2738s
  653201    5.1005852e+01   1.995594e+03   0.000000e+00   2741s
  653919    5.1005853e+01   1.266950e+03   0.000000e+00   2747s
  654278    5.1005854e+01   5.866823e+03   0.000000e+00   2750s
  654996    5.1005855e+01   2.932768e+03   0.000000e+00   2756s
  655714    5.1005857e+01   4.794559e+03   0.000000e+00   2763s
  656073    5.1005857e+01   1.148312e+04   0.000000e+00   2766s
  656791    5.1005858e+01   1.255495e+03   0.000000e+00   2772s
  657150    5.1005859e+01   3.385818e+03   0.000000e+00   2775s
  657868    5.1005860e+01   1.580431e+03   0.000000e+00   2782s
  658586    5.1005862e+01   7.279318e+03   0.000000e+00   2788s
  658945    5.1005862e+01   6.685444e+03   0.000000e+00   2791s
  659663    5.1005863e+01   9.494748e+03   0.000000e+00   2798s
  660022    5.1005864e+01   1.417601e+04   0.000000e+00   2801s
  660740    5.1005866e+01   2.010891e+03   0.000000e+00   2807s
  661099    5.1005866e+01   4.460829e+03   0.000000e+00   2810s
  661817    5.1005868e+01   4.792013e+03   0.000000e+00   2816s
  662535    5.1005869e+01   9.537580e+02   0.000000e+00   2823s
  662894    5.1005869e+01   1.644269e+03   0.000000e+00   2826s
  663612    5.1005871e+01   4.814103e+03   0.000000e+00   2832s
  663971    5.1005871e+01   3.285785e+03   0.000000e+00   2835s
  664689    5.1005873e+01   2.422441e+03   0.000000e+00   2842s
  665048    5.1005873e+01   1.307467e+03   0.000000e+00   2845s
  665766    5.1005874e+01   1.368512e+03   0.000000e+00   2851s
  666484    5.1005875e+01   1.776238e+03   0.000000e+00   2858s
  666843    5.1005876e+01   3.188769e+03   0.000000e+00   2861s
  667561    5.1005877e+01   8.851425e+02   0.000000e+00   2867s
  667920    5.1005877e+01   1.595139e+03   0.000000e+00   2871s
  668638    5.1005879e+01   1.003712e+03   0.000000e+00   2877s
  668997    5.1005879e+01   1.706773e+04   0.000000e+00   2880s
  669715    5.1005880e+01   1.221694e+03   0.000000e+00   2887s
  670433    5.1005882e+01   1.858342e+03   0.000000e+00   2893s
  670792    5.1005882e+01   1.904261e+03   0.000000e+00   2896s
  671510    5.1005883e+01   1.777778e+03   0.000000e+00   2902s
  671869    5.1005884e+01   7.825624e+03   0.000000e+00   2905s
  672587    5.1005885e+01   2.822312e+03   0.000000e+00   2912s
  673305    5.1005886e+01   1.647347e+03   0.000000e+00   2918s
  673664    5.1005887e+01   2.260673e+03   0.000000e+00   2921s
  674382    5.1005888e+01   1.119231e+03   0.000000e+00   2927s
  674741    5.1005889e+01   1.263461e+03   0.000000e+00   2931s
  675459    5.1005890e+01   1.326811e+03   0.000000e+00   2937s
  675818    5.1005891e+01   1.388447e+03   0.000000e+00   2940s
  676536    5.1005892e+01   1.872404e+03   0.000000e+00   2947s
  676895    5.1005893e+01   3.009495e+03   0.000000e+00   2950s
  677613    5.1005894e+01   4.377729e+03   0.000000e+00   2957s
  677972    5.1005894e+01   6.728967e+03   0.000000e+00   2960s
  678690    5.1005896e+01   1.949939e+03   0.000000e+00   2967s
  679408    5.1005897e+01   2.937456e+04   0.000000e+00   2973s
  679767    5.1005898e+01   3.993596e+03   0.000000e+00   2976s
  680485    5.1005899e+01   4.338198e+03   0.000000e+00   2982s
  680844    5.1005899e+01   6.700818e+03   0.000000e+00   2986s
  681562    5.1005901e+01   5.061603e+03   0.000000e+00   2992s
  682280    5.1005902e+01   2.320368e+03   0.000000e+00   2998s
  682639    5.1005903e+01   3.314235e+03   0.000000e+00   3001s
  683357    5.1005904e+01   1.715718e+03   0.000000e+00   3008s
  683716    5.1005904e+01   2.427865e+03   0.000000e+00   3011s
  684434    5.1005905e+01   1.107797e+03   0.000000e+00   3018s
  684793    5.1005906e+01   3.777349e+03   0.000000e+00   3021s
  685511    5.1005907e+01   2.876506e+03   0.000000e+00   3028s
  685870    5.1005908e+01   1.867114e+03   0.000000e+00   3031s
  686588    5.1005909e+01   7.797072e+02   0.000000e+00   3038s
  686947    5.1005909e+01   1.683513e+03   0.000000e+00   3041s
  687665    5.1005910e+01   1.045752e+03   0.000000e+00   3048s
  688024    5.1005911e+01   1.419363e+03   0.000000e+00   3051s
  688742    5.1005912e+01   5.278115e+03   0.000000e+00   3057s
  689101    5.1005912e+01   6.818278e+03   0.000000e+00   3061s
  689819    5.1005914e+01   1.042749e+03   0.000000e+00   3067s
  690178    5.1005914e+01   1.958923e+03   0.000000e+00   3071s
  690896    5.1005915e+01   1.951833e+03   0.000000e+00   3077s
  691255    5.1005916e+01   1.679845e+03   0.000000e+00   3080s
  691973    5.1005917e+01   1.909573e+03   0.000000e+00   3087s
  692691    5.1005918e+01   2.157206e+03   0.000000e+00   3093s
  693050    5.1005919e+01   9.456104e+02   0.000000e+00   3096s
  693768    5.1005920e+01   2.744059e+03   0.000000e+00   3103s
  694127    5.1005920e+01   1.909310e+03   0.000000e+00   3106s
  694845    5.1005945e+01   3.663418e+03   0.000000e+00   3112s
  695563    5.1005960e+01   2.031000e+04   0.000000e+00   3118s
  695922    5.1005968e+01   1.758998e+03   0.000000e+00   3120s
  696640    5.1005984e+01   1.837118e+03   0.000000e+00   3125s
  697358    5.1005999e+01   1.225464e+04   0.000000e+00   3130s
  698076    5.1006016e+01   2.654971e+03   0.000000e+00   3135s
  698794    5.1006025e+01   6.453462e+03   0.000000e+00   3141s
  699512    5.1006033e+01   2.571025e+03   0.000000e+00   3146s
  700230    5.1006042e+01   3.445424e+03   0.000000e+00   3152s
  700948    5.1006048e+01   3.182981e+03   0.000000e+00   3157s
  701307    5.1006051e+01   1.173424e+04   0.000000e+00   3160s
  702025    5.1006056e+01   1.558239e+03   0.000000e+00   3167s
  702743    5.1006064e+01   9.107075e+03   0.000000e+00   3172s
  703461    5.1006069e+01   9.933357e+03   0.000000e+00   3178s
  703820    5.1006072e+01   1.814836e+03   0.000000e+00   3181s
  704538    5.1006076e+01   1.025668e+03   0.000000e+00   3187s
  704897    5.1006079e+01   1.423601e+03   0.000000e+00   3190s
  705615    5.1006082e+01   6.008275e+03   0.000000e+00   3197s
  706333    5.1006087e+01   3.508415e+03   0.000000e+00   3203s
  706692    5.1006088e+01   3.588755e+03   0.000000e+00   3206s
  707410    5.1006092e+01   4.108492e+03   0.000000e+00   3212s
  708128    5.1006096e+01   1.788805e+03   0.000000e+00   3218s
  708487    5.1006098e+01   9.324826e+02   0.000000e+00   3221s
  709205    5.1006101e+01   1.415433e+03   0.000000e+00   3227s
  709564    5.1006103e+01   4.760416e+03   0.000000e+00   3230s
  710282    5.1006108e+01   3.490795e+03   0.000000e+00   3236s
  711000    5.1006112e+01   1.410862e+03   0.000000e+00   3242s
  711359    5.1006114e+01   1.390698e+03   0.000000e+00   3246s
  712077    5.1006119e+01   6.088860e+03   0.000000e+00   3252s
  712795    5.1006122e+01   3.008751e+03   0.000000e+00   3258s
  713154    5.1006124e+01   1.106485e+03   0.000000e+00   3261s
  713872    5.1006128e+01   2.445187e+03   0.000000e+00   3267s
  714231    5.1006129e+01   1.143092e+03   0.000000e+00   3271s
  714949    5.1006132e+01   1.721672e+03   0.000000e+00   3277s
  715308    5.1006134e+01   2.823734e+03   0.000000e+00   3280s
  716026    5.1006137e+01   2.279200e+03   0.000000e+00   3286s
  716744    5.1006140e+01   1.664530e+03   0.000000e+00   3293s
  717103    5.1006141e+01   2.433817e+03   0.000000e+00   3296s
  717821    5.1006144e+01   1.801714e+03   0.000000e+00   3303s
  718180    5.1006146e+01   5.995340e+03   0.000000e+00   3306s
  718898    5.1006152e+01   6.035017e+03   0.000000e+00   3312s
  719616    5.1006156e+01   8.254458e+02   0.000000e+00   3318s
  719975    5.1006157e+01   3.771431e+03   0.000000e+00   3321s
  720693    5.1006160e+01   3.289873e+03   0.000000e+00   3328s
  721052    5.1006161e+01   4.657313e+03   0.000000e+00   3331s
  721770    5.1006164e+01   1.268149e+03   0.000000e+00   3337s
  722129    5.1006166e+01   5.184553e+03   0.000000e+00   3340s
  722847    5.1006169e+01   1.310360e+03   0.000000e+00   3347s
  723565    5.1006172e+01   6.218465e+03   0.000000e+00   3353s
  723924    5.1006173e+01   1.905877e+03   0.000000e+00   3357s
  724642    5.1006176e+01   1.010148e+03   0.000000e+00   3363s
  725001    5.1006177e+01   4.942912e+03   0.000000e+00   3366s
  725719    5.1006180e+01   2.501046e+04   0.000000e+00   3373s
  726078    5.1006181e+01   1.613243e+03   0.000000e+00   3376s
  726796    5.1006184e+01   3.030313e+03   0.000000e+00   3382s
  727155    5.1006185e+01   1.704912e+03   0.000000e+00   3386s
  727873    5.1006187e+01   2.685320e+03   0.000000e+00   3392s
  728232    5.1006188e+01   6.972090e+03   0.000000e+00   3396s
  728950    5.1006190e+01   1.160790e+03   0.000000e+00   3402s
  729309    5.1006191e+01   1.447751e+03   0.000000e+00   3406s
  730027    5.1006193e+01   7.012340e+02   0.000000e+00   3412s
  730386    5.1006194e+01   4.138745e+03   0.000000e+00   3415s
  731104    5.1006197e+01   3.081051e+03   0.000000e+00   3422s
  731463    5.1006198e+01   6.796004e+02   0.000000e+00   3425s
  732181    5.1006200e+01   1.654760e+03   0.000000e+00   3432s
  732540    5.1006201e+01   9.823269e+02   0.000000e+00   3436s
  733258    5.1006203e+01   1.482130e+03   0.000000e+00   3442s
  733617    5.1006204e+01   7.378905e+03   0.000000e+00   3445s
  734335    5.1006207e+01   9.230970e+02   0.000000e+00   3452s
  734694    5.1006208e+01   6.329560e+02   0.000000e+00   3455s
  735412    5.1006210e+01   8.616317e+02   0.000000e+00   3462s
  735771    5.1006211e+01   2.522324e+03   0.000000e+00   3465s
  736489    5.1006213e+01   3.310691e+03   0.000000e+00   3472s
  736848    5.1006214e+01   1.849757e+03   0.000000e+00   3475s
  737566    5.1006216e+01   1.638724e+03   0.000000e+00   3482s
  737925    5.1006217e+01   1.418930e+03   0.000000e+00   3485s
  738643    5.1006219e+01   1.339190e+03   0.000000e+00   3492s
  739002    5.1006220e+01   1.044217e+03   0.000000e+00   3495s
  739720    5.1006222e+01   1.413632e+03   0.000000e+00   3502s
  740079    5.1006223e+01   2.232932e+03   0.000000e+00   3505s
  740797    5.1006225e+01   4.769156e+03   0.000000e+00   3512s
  741156    5.1006227e+01   1.885296e+03   0.000000e+00   3516s
  741874    5.1006229e+01   4.852384e+02   0.000000e+00   3522s
  742233    5.1006230e+01   5.546848e+02   0.000000e+00   3526s
  742951    5.1006232e+01   1.370208e+03   0.000000e+00   3533s
  743310    5.1006233e+01   6.872385e+02   0.000000e+00   3536s
  744028    5.1006235e+01   1.686034e+03   0.000000e+00   3543s
  744387    5.1006236e+01   2.885332e+03   0.000000e+00   3546s
  745105    5.1006238e+01   1.843071e+03   0.000000e+00   3553s
  745464    5.1006238e+01   1.219364e+03   0.000000e+00   3556s
  746182    5.1006240e+01   8.042911e+03   0.000000e+00   3563s
  746541    5.1006242e+01   2.197052e+03   0.000000e+00   3567s
  747259    5.1006243e+01   1.402134e+03   0.000000e+00   3573s
  747618    5.1006244e+01   9.713597e+02   0.000000e+00   3577s
  747977    5.1006245e+01   4.141760e+02   0.000000e+00   3580s
  748695    5.1006246e+01   3.662589e+03   0.000000e+00   3587s
  749054    5.1006247e+01   1.889099e+03   0.000000e+00   3590s
  749772    5.1006249e+01   6.824376e+02   0.000000e+00   3597s
  750131    5.1006250e+01   7.874690e+02   0.000000e+00   3601s
  750849    5.1006251e+01   1.038114e+04   0.000000e+00   3608s
  751208    5.1006252e+01   6.868205e+02   0.000000e+00   3611s
  751926    5.1006254e+01   1.514314e+03   0.000000e+00   3618s
  752285    5.1006256e+01   1.032188e+03   0.000000e+00   3621s
  753003    5.1006258e+01   1.141252e+03   0.000000e+00   3628s
  753362    5.1006258e+01   4.851905e+02   0.000000e+00   3632s
  753721    5.1006259e+01   5.831761e+02   0.000000e+00   3635s
  754439    5.1006261e+01   7.963210e+02   0.000000e+00   3642s
  754798    5.1006262e+01   1.092664e+03   0.000000e+00   3646s
  755516    5.1006263e+01   1.301765e+03   0.000000e+00   3653s
  755875    5.1006264e+01   2.167054e+03   0.000000e+00   3656s
  756593    5.1006266e+01   1.480652e+03   0.000000e+00   3663s
  756952    5.1006267e+01   8.065471e+02   0.000000e+00   3667s
  757311    5.1006267e+01   6.731008e+02   0.000000e+00   3670s
  758029    5.1006269e+01   5.150829e+02   0.000000e+00   3677s
  758388    5.1006270e+01   1.193115e+03   0.000000e+00   3681s
  759106    5.1006272e+01   1.240418e+04   0.000000e+00   3688s
  759465    5.1006273e+01   4.419658e+02   0.000000e+00   3691s
  760183    5.1006274e+01   2.215363e+03   0.000000e+00   3698s
  760542    5.1006275e+01   3.217727e+03   0.000000e+00   3702s
  760901    5.1006276e+01   9.309445e+02   0.000000e+00   3705s
  761619    5.1006277e+01   2.096852e+03   0.000000e+00   3713s
  761978    5.1006278e+01   9.816508e+02   0.000000e+00   3716s
  762696    5.1006280e+01   8.736165e+02   0.000000e+00   3723s
  763055    5.1006281e+01   2.147199e+03   0.000000e+00   3727s
  763414    5.1006281e+01   6.523288e+02   0.000000e+00   3731s
  764132    5.1006283e+01   5.526353e+02   0.000000e+00   3738s
  764491    5.1006284e+01   1.114175e+03   0.000000e+00   3741s
  765209    5.1006285e+01   5.501720e+03   0.000000e+00   3748s
  765568    5.1006286e+01   4.421466e+03   0.000000e+00   3752s
  765927    5.1006287e+01   6.185527e+02   0.000000e+00   3755s
  766645    5.1006288e+01   8.903776e+02   0.000000e+00   3763s
  767004    5.1006289e+01   9.017063e+02   0.000000e+00   3766s
  767722    5.1006291e+01   4.309314e+02   0.000000e+00   3773s
  768081    5.1006291e+01   7.991068e+02   0.000000e+00   3777s
  768440    5.1006292e+01   5.360905e+03   0.000000e+00   3780s
  769158    5.1006294e+01   5.622721e+02   0.000000e+00   3788s
  769517    5.1006294e+01   5.331772e+03   0.000000e+00   3791s
  770235    5.1006296e+01   7.230699e+02   0.000000e+00   3798s
  770594    5.1006297e+01   1.381157e+03   0.000000e+00   3802s
  770953    5.1006298e+01   8.686734e+02   0.000000e+00   3805s
  771671    5.1006299e+01   4.822669e+02   0.000000e+00   3812s
  772030    5.1006300e+01   8.486203e+02   0.000000e+00   3816s
  772748    5.1006302e+01   2.341154e+03   0.000000e+00   3823s
  773107    5.1006303e+01   9.847165e+02   0.000000e+00   3827s
  773466    5.1006303e+01   1.451437e+03   0.000000e+00   3830s
  774184    5.1006305e+01   1.530929e+04   0.000000e+00   3837s
  774543    5.1006306e+01   1.149828e+03   0.000000e+00   3841s
  775261    5.1006307e+01   2.073726e+03   0.000000e+00   3848s
  775620    5.1006308e+01   1.482428e+03   0.000000e+00   3852s
  775979    5.1006309e+01   7.389787e+02   0.000000e+00   3855s
  776697    5.1006310e+01   1.186463e+03   0.000000e+00   3863s
  777056    5.1006311e+01   1.613007e+03   0.000000e+00   3866s
  777774    5.1006313e+01   2.625111e+03   0.000000e+00   3873s
  778133    5.1006313e+01   4.559080e+02   0.000000e+00   3877s
  778492    5.1006314e+01   1.243725e+03   0.000000e+00   3880s
  779210    5.1006315e+01   3.091983e+03   0.000000e+00   3888s
  779569    5.1006316e+01   4.612109e+02   0.000000e+00   3891s
  780287    5.1006317e+01   1.547776e+03   0.000000e+00   3898s
  780646    5.1006318e+01   9.615395e+02   0.000000e+00   3902s
  781005    5.1006319e+01   3.478209e+02   0.000000e+00   3906s
  781723    5.1006320e+01   1.037520e+03   0.000000e+00   3913s
  782082    5.1006320e+01   1.691190e+03   0.000000e+00   3917s
  782441    5.1006321e+01   9.363926e+02   0.000000e+00   3920s
  783159    5.1006323e+01   4.861114e+03   0.000000e+00   3927s
  783518    5.1006324e+01   4.785461e+02   0.000000e+00   3931s
  784236    5.1006325e+01   9.870234e+02   0.000000e+00   3938s
  784595    5.1006326e+01   3.695697e+02   0.000000e+00   3942s
  784954    5.1006327e+01   9.024880e+02   0.000000e+00   3945s
  785672    5.1006328e+01   4.401765e+03   0.000000e+00   3953s
  786031    5.1006329e+01   2.377326e+03   0.000000e+00   3956s
  786749    5.1006330e+01   2.944925e+03   0.000000e+00   3963s
  787108    5.1006331e+01   4.967588e+02   0.000000e+00   3967s
  787467    5.1006331e+01   7.451583e+02   0.000000e+00   3971s
  788185    5.1006333e+01   4.261318e+02   0.000000e+00   3978s
  788544    5.1006333e+01   1.041553e+03   0.000000e+00   3981s
  788903    5.1006334e+01   5.225087e+02   0.000000e+00   3985s
  789621    5.1006335e+01   9.491356e+02   0.000000e+00   3992s
  789980    5.1006336e+01   2.722890e+03   0.000000e+00   3996s
  790698    5.1006337e+01   3.521682e+03   0.000000e+00   4003s
  791057    5.1006338e+01   4.131007e+02   0.000000e+00   4007s
  791416    5.1006338e+01   9.045794e+02   0.000000e+00   4011s
  792134    5.1006340e+01   7.486091e+03   0.000000e+00   4018s
  792493    5.1006340e+01   3.786027e+03   0.000000e+00   4022s
  792852    5.1006341e+01   8.728033e+02   0.000000e+00   4025s
  793570    5.1006342e+01   2.829542e+03   0.000000e+00   4033s
  793929    5.1006343e+01   4.137023e+03   0.000000e+00   4036s
  794647    5.1006344e+01   5.137874e+02   0.000000e+00   4044s
  795006    5.1006345e+01   6.273982e+02   0.000000e+00   4047s
  795365    5.1006345e+01   2.755302e+03   0.000000e+00   4051s
  796083    5.1006347e+01   4.365012e+02   0.000000e+00   4058s
  796442    5.1006348e+01   1.332555e+03   0.000000e+00   4062s
  796801    5.1006349e+01   2.469590e+03   0.000000e+00   4065s
  797519    5.1006350e+01   1.489442e+03   0.000000e+00   4073s
  797878    5.1006351e+01   9.285157e+02   0.000000e+00   4077s
  798237    5.1006351e+01   2.097155e+03   0.000000e+00   4080s
  798955    5.1006352e+01   1.594159e+03   0.000000e+00   4088s
  799314    5.1006353e+01   5.058181e+02   0.000000e+00   4091s
  799673    5.1006353e+01   5.263695e+02   0.000000e+00   4095s
  800391    5.1006354e+01   3.530169e+02   0.000000e+00   4102s
  800750    5.1006355e+01   7.565262e+02   0.000000e+00   4106s
  801468    5.1006356e+01   7.633836e+02   0.000000e+00   4113s
  801827    5.1006357e+01   1.909592e+03   0.000000e+00   4117s
  802186    5.1006358e+01   2.712009e+03   0.000000e+00   4121s
  802904    5.1006359e+01   2.624117e+03   0.000000e+00   4128s
  803263    5.1006359e+01   1.630598e+03   0.000000e+00   4132s
  803622    5.1006360e+01   5.759049e+02   0.000000e+00   4136s
  804340    5.1006361e+01   3.264965e+03   0.000000e+00   4143s
  804699    5.1006362e+01   1.059712e+03   0.000000e+00   4147s
  805058    5.1006362e+01   9.894475e+02   0.000000e+00   4150s
  805776    5.1006363e+01   1.160906e+03   0.000000e+00   4158s
  806135    5.1006364e+01   5.218870e+03   0.000000e+00   4162s
  806494    5.1006364e+01   2.082025e+03   0.000000e+00   4165s
  807212    5.1006366e+01   1.073875e+03   0.000000e+00   4173s
  807571    5.1006366e+01   6.802831e+02   0.000000e+00   4176s
  807930    5.1006367e+01   6.385138e+02   0.000000e+00   4180s
  808648    5.1006368e+01   1.359568e+04   0.000000e+00   4188s
  809007    5.1006369e+01   8.242239e+02   0.000000e+00   4191s
  809725    5.1006370e+01   3.312967e+02   0.000000e+00   4199s
  810084    5.1006371e+01   2.963595e+02   0.000000e+00   4202s
  810443    5.1006371e+01   6.153285e+02   0.000000e+00   4206s
  811161    5.1006372e+01   5.147684e+02   0.000000e+00   4213s
  811520    5.1006373e+01   9.205653e+02   0.000000e+00   4217s
  811879    5.1006373e+01   1.396369e+03   0.000000e+00   4221s
  812597    5.1006374e+01   4.401778e+02   0.000000e+00   4228s
  812956    5.1006375e+01   1.471188e+03   0.000000e+00   4232s
  813315    5.1006375e+01   8.240014e+02   0.000000e+00   4236s
  814033    5.1006376e+01   3.868510e+02   0.000000e+00   4243s
  814392    5.1006377e+01   5.329895e+02   0.000000e+00   4247s
  814751    5.1006377e+01   4.281755e+02   0.000000e+00   4250s
  815469    5.1006378e+01   4.553453e+02   0.000000e+00   4258s
  815828    5.1006379e+01   1.689964e+03   0.000000e+00   4262s
  816187    5.1006379e+01   5.044754e+02   0.000000e+00   4265s
  816905    5.1006380e+01   6.722131e+02   0.000000e+00   4273s
  817264    5.1006381e+01   4.111289e+02   0.000000e+00   4277s
  817623    5.1006381e+01   2.611820e+03   0.000000e+00   4280s
  818341    5.1006382e+01   5.746042e+03   0.000000e+00   4288s
  818700    5.1006383e+01   5.428539e+02   0.000000e+00   4291s
  819059    5.1006384e+01   4.402926e+04   0.000000e+00   4295s
  819777    5.1006387e+01   5.228984e+03   0.000000e+00   4302s
  820136    5.1006389e+01   4.414117e+03   0.000000e+00   4306s
  820854    5.1006393e+01   2.557647e+04   0.000000e+00   4312s
  821213    5.1006406e+01   6.258694e+03   0.000000e+00   4315s
  821931    5.1006412e+01   9.673596e+03   0.000000e+00   4322s
  822290    5.1006415e+01   2.621653e+04   0.000000e+00   4325s
  823008    5.1006421e+01   2.860080e+05   0.000000e+00   4332s
  823367    5.1006422e+01   6.925528e+03   0.000000e+00   4335s
  824085    5.1006427e+01   1.856193e+03   0.000000e+00   4342s
  824803    5.1006430e+01   2.262280e+03   0.000000e+00   4348s
  825162    5.1006432e+01   8.371970e+03   0.000000e+00   4352s
  825521    5.1006434e+01   1.048191e+04   0.000000e+00   4355s
  826239    5.1006436e+01   1.421591e+03   0.000000e+00   4362s
  826598    5.1006437e+01   6.277953e+02   0.000000e+00   4366s
  827316    5.1006440e+01   1.825436e+03   0.000000e+00   4373s
  827675    5.1006441e+01   2.232492e+04   0.000000e+00   4376s
  828393    5.1006445e+01   2.129750e+03   0.000000e+00   4383s
  828752    5.1006446e+01   9.770271e+04   0.000000e+00   4387s
  829111    5.1006447e+01   2.186851e+03   0.000000e+00   4390s
  829829    5.1006450e+01   1.653284e+03   0.000000e+00   4397s
  830188    5.1006452e+01   3.106707e+03   0.000000e+00   4401s
  830906    5.1006455e+01   1.519439e+04   0.000000e+00   4408s
  831265    5.1006456e+01   1.611749e+04   0.000000e+00   4412s
  831624    5.1006458e+01   5.255823e+03   0.000000e+00   4415s
  832342    5.1006461e+01   5.707334e+04   0.000000e+00   4422s
  832701    5.1006462e+01   2.026739e+03   0.000000e+00   4426s
  833419    5.1006465e+01   9.318037e+03   0.000000e+00   4433s
  833778    5.1006466e+01   5.660439e+03   0.000000e+00   4436s
  834137    5.1006467e+01   7.827587e+02   0.000000e+00   4440s
  834855    5.1006470e+01   6.694934e+03   0.000000e+00   4447s
  835214    5.1006471e+01   1.698271e+04   0.000000e+00   4451s
  835932    5.1006473e+01   3.486930e+03   0.000000e+00   4458s
  836291    5.1006475e+01   8.204964e+03   0.000000e+00   4462s
  836650    5.1006477e+01   4.314402e+03   0.000000e+00   4465s
  837368    5.1006480e+01   1.589580e+03   0.000000e+00   4472s
  837727    5.1006481e+01   6.407718e+03   0.000000e+00   4476s
  838445    5.1006484e+01   6.512274e+03   0.000000e+00   4483s
  838804    5.1006485e+01   1.420782e+03   0.000000e+00   4487s
  839163    5.1006486e+01   4.784640e+02   0.000000e+00   4490s
  839881    5.1006488e+01   1.344501e+03   0.000000e+00   4498s
  840240    5.1006489e+01   6.310463e+02   0.000000e+00   4502s
  840599    5.1006490e+01   2.019393e+03   0.000000e+00   4505s
  841317    5.1006492e+01   9.773885e+02   0.000000e+00   4513s
  841676    5.1006493e+01   3.102648e+03   0.000000e+00   4516s
  842394    5.1006495e+01   1.317487e+03   0.000000e+00   4524s
  842753    5.1006496e+01   1.131698e+03   0.000000e+00   4527s
  843112    5.1006497e+01   6.166813e+02   0.000000e+00   4531s
  843830    5.1006498e+01   2.133281e+03   0.000000e+00   4538s
  844189    5.1006499e+01   5.872523e+02   0.000000e+00   4542s
  844548    5.1006499e+01   2.869823e+03   0.000000e+00   4546s
  845266    5.1006501e+01   1.152137e+03   0.000000e+00   4553s
  845625    5.1006501e+01   8.976826e+02   0.000000e+00   4557s
  845984    5.1006502e+01   5.069917e+02   0.000000e+00   4561s
  846702    5.1006503e+01   1.680743e+03   0.000000e+00   4568s
  847061    5.1006504e+01   2.135983e+03   0.000000e+00   4572s
  847420    5.1006504e+01   3.800955e+02   0.000000e+00   4576s
  848138    5.1006505e+01   2.898542e+02   0.000000e+00   4583s
  848497    5.1006505e+01   1.339092e+03   0.000000e+00   4587s
  848856    5.1006505e+01   1.805996e+02   0.000000e+00   4591s
  849574    5.1006506e+01   1.279658e+01   0.000000e+00   4598s
  849933    5.1006506e+01   1.267269e+02   0.000000e+00   4602s
  850292    5.1006506e+01   8.350510e+01   0.000000e+00   4606s
  851010    5.1006506e+01   1.007706e+02   0.000000e+00   4613s
  851369    5.1006506e+01   8.805099e+02   0.000000e+00   4617s
  851728    5.1006506e+01   2.361535e-01   0.000000e+00   4621s
  851766    5.1000000e+01   0.000000e+00   0.000000e+00   4622s

Root relaxation: objective 5.100000e+01, 851766 iterations, 4619.17 seconds
Total elapsed time = 4806.47s
Total elapsed time = 5867.18s
Total elapsed time = 6139.36s
Total elapsed time = 6327.57s

    Nodes    |    Current Node    |     Objective Bounds      |     Work
 Expl Unexpl |  Obj  Depth IntInf | Incumbent    BestBd   Gap | It/Node Time

     0     0   51.00000    0   43          -   51.00000      -     - 6388s
H    0     0                    667928.00000   51.00000   100%     - 6393s
     0     0   51.00000    0  555 667928.000   51.00000   100%     - 9707s
H    0     0                    6654.0000000   51.00000  99.2%     - 9716s
     0     0   51.00000    0 1342 6654.00000   51.00000  99.2%     - 15646s
     0     0   51.00000    0 1032 6654.00000   51.00000  99.2%     - 16428s
     0     0   51.00000    0  130 6654.00000   51.00000  99.2%     - 23469s
     0     0   51.00000    0  130 6654.00000   51.00000  99.2%     - 23473s
     0     0   51.00000    0  242 6654.00000   51.00000  99.2%     - 32639s
     0     0   51.00000    0 1151 6654.00000   51.00000  99.2%     - 35650s
     0     0   51.00000    0  215 6654.00000   51.00000  99.2%     - 51866s
     0     0   51.00000    0  757 6654.00000   51.00000  99.2%     - 55422s
     0     0   51.00000    0  150 6654.00000   51.00000  99.2%     - 66468s
     0     0   51.00000    0  149 6654.00000   51.00000  99.2%     - 67365s

Cutting planes:
  Gomory: 5
  Cover: 125
  Implied bound: 239
  Clique: 3
  MIR: 295
  Flow cover: 286
  Zero half: 2

Explored 0 nodes (11259975 simplex iterations) in 79999.78 seconds
Thread count was 8 (of 8 available processors)

Solve interrupted
Best objective 6.654000000000e+03, best bound 5.100000000000e+01, gap 99.2335%

Solution:
0 47 48 49 21 1 19 2 8 6 5 3 20 36 13 28 42 12 11 17 9 35 30 
0 0 0 0 0 0 0 0 0 0 0 0 0 0 0 0 0 0 0 0 0 0 0 

Cost: 6654
Lower Bound: 51
