Optimize a model with 1221 rows, 8379 columns and 25630 nonzeros
Model has 380 quadratic objective terms
Model has 400 quadratic constraints
Coefficient statistics:
  Matrix range    [1e+00, 1e+03]
  Objective range [0e+00, 0e+00]
  Bounds range    [1e+00, 2e+01]
  RHS range       [1e+00, 6e+03]
Presolve removed 79 rows and 1046 columns
Presolve time: 0.03s
Presolved: 28138 rows, 20821 columns, 102335 nonzeros
Variable types: 13868 continuous, 6953 integer (6934 binary)

Root relaxation: objective 0.000000e+00, 12509 iterations, 2.23 seconds
Total elapsed time = 5.52s

    Nodes    |    Current Node    |     Objective Bounds      |     Work
 Expl Unexpl |  Obj  Depth IntInf | Incumbent    BestBd   Gap | It/Node Time

     0     0    0.00000    0   88          -    0.00000      -     -   10s
H    0     0                    4555.0000000    0.00000   100%     -   10s
     0     0    0.00000    0  174 4555.00000    0.00000   100%     -   13s
     0     0    0.00000    0  216 4555.00000    0.00000   100%     -   14s
H    0     0                    3290.0000000    0.00000   100%     -   14s
     0     0    0.00000    0  276 3290.00000    0.00000   100%     -   20s
     0     0    0.00000    0  305 3290.00000    0.00000   100%     -   21s
     0     0    0.00000    0   78 3290.00000    0.00000   100%     -   36s
H    0     0                    3168.0000000    0.00000   100%     -   36s
     0     0    0.00000    0   55 3168.00000    0.00000   100%     -   37s
     0     0    0.00000    0   90 3168.00000    0.00000   100%     -   53s
     0     0    0.00000    0  116 3168.00000    0.00000   100%     -   54s
     0     0    0.00000    0  118 3168.00000    0.00000   100%     -   71s
     0     0    0.00000    0   60 3168.00000    0.00000   100%     -   84s
H    0     0                    2452.0000000    0.00000   100%     -   93s
     0     2    0.00000    0   60 2452.00000    0.00000   100%     -  102s
     2     4    0.00000    1  116 2452.00000    0.00000   100% 12980  105s
     8    11    0.00000    4  197 2452.00000    0.00000   100%  6347  115s
    11    16   25.00000    4  332 2452.00000    0.00000   100%  7142  122s
    19    23    0.00000    5  187 2452.00000    0.00000   100%  5616  126s
    23    21   12.60000    6  240 2452.00000    0.00000   100%  4979  130s
    33    34    0.00000    6   81 2452.00000    0.00000   100%  4141  136s
    39    40    0.00000    7   71 2452.00000    0.00000   100%  3993  143s
    44    42    0.00000    8   64 2452.00000    0.00000   100%  4121  150s
    56    55    0.00000   11   69 2452.00000    0.00000   100%  3803  160s
    63    62  207.50000   14  245 2452.00000    0.00000   100%  4064  166s
    70    71   24.00000   15  187 2452.00000    0.00000   100%  3832  171s
    81    79   30.50000   16  139 2452.00000    0.00000   100%  3600  178s
    94    92   30.50000   18   90 2452.00000    0.00000   100%  3490  183s
   102   105   44.76316   20  144 2452.00000    0.00000   100%  3482  192s
   112   108   30.50000   20   85 2452.00000    0.00000   100%  3399  197s
   124   122   30.50000   23  168 2452.00000    0.00000   100%  3370  205s
   140   141  190.50000   23  221 2452.00000    0.00000   100%  3279  212s
   157   154   30.50000   24  157 2452.00000    0.00000   100%  3173  218s
   171   169   37.60526   30  197 2452.00000    0.00000   100%  3125  224s
   199   197   30.50000   30  113 2452.00000    0.00000   100%  2899  230s
   221   217   30.50000   31  117 2452.00000    0.00000   100%  2778  238s
   247   248   30.50000   40   94 2452.00000    0.00000   100%  2681  246s
H  249   249                    2176.0000000    0.00000   100%  2690  246s
H  257   256                    1848.5000000    0.00000   100%  2700  246s
   261   256   30.50000   41   88 1848.50000    0.00000   100%  2727  253s
   279   274   30.50000   43   85 1848.50000    0.00000   100%  2718  283s
   309   297   30.50000   46  146 1848.50000    0.00000   100%  2606  294s
   354   345   30.50000   52   89 1848.50000    0.00000   100%  2491  302s
   379   363   30.50000   55  108 1848.50000    0.00000   100%  2460  312s
   407   390   52.83333   57   90 1848.50000    0.00000   100%  2425  321s
   431   413   73.44444   61  233 1848.50000    0.00000   100%  2427  331s
   458   442  129.08333   64  121 1848.50000    0.00000   100%  2420  341s
   509   491   52.83333   67  160 1848.50000    0.00000   100%  2316  351s
   564   547   52.83333   76  213 1848.50000    0.00000   100%  2213  362s
   608   588   52.83333   87   81 1848.50000    0.00000   100%  2194  372s
   929   899   56.99123   96  382 1848.50000    0.00000   100%  1538  385s
   958   926   74.08333   99  170 1848.50000    0.00000   100%  1565  397s
  1034  1003  131.68333  109  170 1848.50000    0.00000   100%  1549  409s
  1078  1039   74.08333  116  124 1848.50000    0.00000   100%  1564  420s
  1250  1165   74.63158   19   60 1848.50000    0.00000   100%  1446  441s
  1252  1166  146.13308   86  147 1848.50000   30.50000  98.4%  1444  470s
  1253  1167 1177.00000  133  116 1848.50000   30.50000  98.4%  1443  492s
  1254  1168  388.18750  125  181 1848.50000   30.50000  98.4%  1442  496s
  1255  1168   30.50000    9  107 1848.50000   30.50000  98.4%  1441  528s
  1256  1169 1828.50000  286  233 1848.50000   30.50000  98.4%  1440  535s
  1257  1170 1177.00000  116  123 1848.50000   30.50000  98.4%  1438  583s
  1258  1170  143.33333   68  176 1848.50000   30.50000  98.4%  1437  601s
  1259  1171   46.65789   13   83 1848.50000   30.50000  98.4%  1436  628s
  1260  1172   72.50000   54  198 1848.50000   30.50000  98.4%  1435  639s
  1261  1172  110.83333   16  101 1848.50000   30.50000  98.4%  1434  675s
  1262  1173 1828.50000  286  212 1848.50000   30.50000  98.4%  1433  689s
  1263  1174  317.49203  148  106 1848.50000   30.50000  98.4%  1432  729s
  1264  1174   66.97368    8  188 1848.50000   30.50000  98.4%  1430  745s
  1265  1175   80.33333   93  117 1848.50000   30.50000  98.4%  1429  787s
  1266  1176 1828.50000  360  219 1848.50000   30.50000  98.4%  1428  803s
H 1266  1116                    1726.0000000   30.50000  98.2%  1428  853s
  1267  1116   84.72222   37  136 1726.00000   30.50000  98.2%  1427  858s
  1268  1117 1726.00000  282  130 1726.00000   30.50000  98.2%  1426  882s
H 1268  1061                    1715.5000000   30.50000  98.2%  1426  896s
  1270  1064   30.50000   10  127 1715.50000   30.50000  98.2%  1940  932s
  1271  1065   36.30000   10  252 1715.50000   30.50000  98.2%  1941  948s
  1272  1066   30.50000   11   94 1715.50000   30.50000  98.2%  1941  953s
  1273  1066   48.12346   11  348 1715.50000   30.50000  98.2%  1954  984s
  1274  1067   30.50000   12  202 1715.50000   30.50000  98.2%  1957  999s
  1275  1068  187.83333   12   87 1715.50000   30.50000  98.2%  1956 1002s
  1276  1066   30.50000   13  152 1715.50000   30.50000  98.2%  1956 1011s
  1277  1071   48.24238   13  308 1715.50000   30.50000  98.2%  1971 1048s
  1280  1072   30.50000   14  157 1715.50000   30.50000  98.2%  1973 1074s
  1284  1077   30.50000   15  194 1715.50000   30.50000  98.2%  1984 1119s
  1290  1082   54.81579   15  220 1715.50000   30.50000  98.2%  1997 1163s
  1295  1083   30.50000   16  158 1715.50000   30.50000  98.2%  2006 1207s
  1304  1090   30.50000   17  154 1715.50000   30.50000  98.2%  2019 1253s
  1316  1092   30.50000   19  130 1715.50000   30.50000  98.2%  2028 1294s
  1330  1102   30.50000   22  102 1715.50000   30.50000  98.2%  2038 1334s
H 1333  1052                    1630.0000000   30.50000  98.1%  2042 1334s
  1349  1065   48.50000   23  412 1630.00000   30.50000  98.1%  2058 1378s
  1369  1075   36.44737   24  236 1630.00000   30.50000  98.1%  2073 1424s
  1392  1091   30.50000   26  114 1630.00000   30.50000  98.1%  2080 1463s
  1427  1116   30.50000   27  393 1630.00000   30.50000  98.1%  2108 1511s
  1470  1146   55.73203   28  346 1630.00000   30.50000  98.1%  2113 1561s
  1517  1179   33.70000   31  241 1630.00000   30.50000  98.1%  2126 1604s
  1579  1214   33.70000   35  237 1630.00000   30.50000  98.1%  2130 1649s
  1655  1260   33.70000   39  231 1630.00000   30.50000  98.1%  2139 1697s
  1777  1332   46.02368   46  263 1630.00000   30.50000  98.1%  2113 1743s
  1905  1411   85.18333   52  414 1630.00000   30.50000  98.1%  2088 1792s
H 1976  1406                    1619.3333333   30.50000  98.1%  2107 1792s
  2075  1455   97.31949   66  328 1619.33333   30.50000  98.1%  2026 1840s
  2244  1559  149.74844   90  306 1619.33333   30.50000  98.1%  2020 1889s
H 2394  1589                    1590.3333333   30.50000  98.1%  2060 1940s
H 2435  1556                    1278.0000000   30.50000  97.6%  2057 1940s
H 2558  1574                    1276.0000000   30.50000  97.6%  2064 1994s
H 2564  1537                    1111.0000000   30.50000  97.3%  2068 1994s
  2646  1580   69.83007   42  241 1111.00000   30.50000  97.3%  2078 2050s
H 2671  1508                     843.0000000   30.50000  96.4%  2062 2050s
  2953  1677   30.50000   29  185  843.00000   30.50000  96.4%  2009 2111s
H 3004  1650                     718.5000000   30.50000  95.8%  1996 2111s
  3144  1756  204.22590   62  210  718.50000   30.50000  95.8%  1964 2171s
  3459  1949   70.44444   36  226  718.50000   30.50000  95.8%  1925 2228s
  3808  2219   46.39474   35  216  718.50000   30.50000  95.8%  1841 2290s
  4316  2674  483.82289  162  255  718.50000   30.50000  95.8%  1729 2355s
  4925  3223  197.50000  125   50  718.50000   30.50000  95.8%  1623 2428s
H 5541  3706                     601.8333333   30.50000  94.9%  1527 2500s
  5976  4094  322.90425  166  281  601.83333   30.50000  94.9%  1492 2579s
  6704  4730  103.02632   47  244  601.83333   30.50000  94.9%  1399 2662s
  7078  5068  138.69298   64  238  601.83333   30.50000  94.9%  1364 2741s
  7564  5512   52.39731   48  215  601.83333   32.59596  94.6%  1351 2825s
  7824  5714   79.11111   61  151  601.83333   32.59596  94.6%  1375 2912s
  8108  5955   79.11111   71  196  601.83333   32.59596  94.6%  1375 3004s
  8737  6527   97.91667   87  284  601.83333   32.59596  94.6%  1339 3085s
  9227  6966  102.86404   87  349  601.83333   32.59596  94.6%  1311 3181s
  9917  7565   99.91667  113  259  601.83333   32.59596  94.6%  1297 3276s
 10335  7924  100.60897  136  245  601.83333   32.59596  94.6%  1341 3379s
 10734  8294  104.97963  161  264  601.83333   32.59596  94.6%  1362 3484s
 11174  8702  135.54914  188  285  601.83333   32.59596  94.6%  1395 3594s
 11512  8959  275.79259  223  176  601.83333   34.92867  94.2%  1424 3712s
 12580  9888  117.11930   59  283  601.83333   34.92867  94.2%  1383 3821s
 13484 10700  198.16054   95  171  601.83333   34.92867  94.2%  1357 3920s
 14110 11274  279.91221  199  191  601.83333   35.55000  94.1%  1336 4022s
 14757 11818   35.55000   36  252  601.83333   35.55000  94.1%  1327 4164s
 15048 12087  127.05000   56  168  601.83333   35.81579  94.0%  1329 4270s
 15569 12546  127.05000   75  240  601.83333   35.81579  94.0%  1324 4373s
 16250 13185  127.94118  100  151  601.83333   35.81579  94.0%  1310 4471s
 16826 13724  152.88562  122  282  601.83333   35.81579  94.0%  1309 4570s
 17341 14176  127.94118  135  199  601.83333   35.81579  94.0%  1305 4668s
 17974 14774  127.94118  158  127  601.83333   35.81579  94.0%  1298 4764s
 18380 15147  128.73333  177  139  601.83333   35.81579  94.0%  1308 4858s
 18529 15295  142.20000  197  105  601.83333   35.81579  94.0%  1307 4957s
 19084 15800  278.08333  225  201  601.83333   35.81579  94.0%  1313 5051s
 19699 16328  264.25000  252   43  601.83333   35.81579  94.0%  1312 5141s
 20344 16912  264.25000  294  107  601.83333   35.81579  94.0%  1301 5235s
 20966 17466  269.27500  339  157  601.83333   35.81579  94.0%  1304 6587s
 21554 17998  264.25000  373   43  601.83333   35.81579  94.0%  1308 6675s
 22063 18426  282.17727  405  146  601.83333   35.81579  94.0%  1309 6761s
 22634 18915  271.32059  444  187  601.83333   35.86005  94.0%  1310 6855s
 23422 19566   35.86005   24  339  601.83333   35.86005  94.0%  1290 6948s
 23958 20027   73.24829   34  326  601.83333   35.86005  94.0%  1284 7040s
 24553 20575  255.27150  174  188  601.83333   35.97277  94.0%  1277 7131s
 25159 21127  154.64444   88  290  601.83333   35.97277  94.0%  1274 7223s
 25725 21595  202.12573   91  310  601.83333   36.60526  93.9%  1272 7313s
 26369 22141   52.50329   37  277  601.83333   36.90954  93.9%  1269 7397s
 26878 22618  367.11111   82  227  601.83333   37.13950  93.8%  1265 7484s
 27487 23160  170.08852  169  218  601.83333   37.47181  93.8%  1259 7570s
 28143 23686  186.11887   60  210  601.83333   37.50129  93.8%  1252 7651s
 28767 24271  105.11887   71  196  601.83333   37.64859  93.7%  1248 7732s
 29113 24585  443.05263   61  204  601.83333   37.78658  93.7%  1253 7815s
 29631 25014  344.31476   58  400  601.83333   38.10800  93.7%  1254 7899s
 29978 25327  153.95000   69  287  601.83333   38.11024  93.7%  1258 7980s
 30544 25838  185.03692  123  273  601.83333   38.79375  93.6%  1257 8062s
 31109 26345  134.71667  104  242  601.83333   38.79375  93.6%  1259 8149s
 31495 26679  188.47502  179  263  601.83333   38.79375  93.6%  1260 8235s
 31946 27059  128.11887  136  314  601.83333   39.08918  93.5%  1266 8317s
 32406 27473  458.41674  139  337  601.83333   39.20000  93.5%  1271 8401s
 32978 27982  416.84841  211  172  601.83333   39.20000  93.5%  1271 8489s
 33541 28496  512.19971  193  230  601.83333   39.20000  93.5%  1267 8570s
 33987 28850  242.02472   98  334  601.83333   39.20000  93.5%  1271 8654s
 34654 29438  347.43178  192  258  601.83333   39.20000  93.5%  1268 8730s
 35095 29836   58.37884   56  453  601.83333   39.20000  93.5%  1266 8808s
 35447 30150  255.64965  176  116  601.83333   39.33732  93.5%  1269 8891s
 36080 30682   64.78023   36  402  601.83333   39.48947  93.4%  1266 8975s
 36757 31288  125.36928   75  290  601.83333   39.48947  93.4%  1261 9052s
 37282 31759  109.54167   76  303  601.83333   39.50000  93.4%  1259 9139s
 37843 32220  208.57500   72  315  601.83333   39.50000  93.4%  1257 9216s
 38164 32491   65.75152   38  389  601.83333   39.50000  93.4%  1256 9298s
 38607 32898  515.56250  132  158  601.83333   39.59638  93.4%  1256 9379s
 39145 33364  168.15779   29  359  601.83333   39.64737  93.4%  1253 9460s
 39567 33731  216.98934  115  341  601.83333   39.64737  93.4%  1253 9536s
 39973 34084  163.97778   76  215  601.83333   39.64737  93.4%  1255 9622s
 40453 34523  166.45175   69  198  601.83333   39.66842  93.4%  1250 9705s
 40926 34926   61.90873   44  480  601.83333   39.66842  93.4%  1249 9786s
 41299 35266   75.00244   42  391  601.83333   39.66842  93.4%  1249 9868s
 41558 35498  123.55858   56  439  601.83333   39.66842  93.4%  1251 9940s
 41927 35835  331.03704  141  251  601.83333   39.72500  93.4%  1250 10020s
 42421 36272  590.17056  141  165  601.83333   39.76480  93.4%  1251 10104s
 42859 36639  207.08333   99  251  601.83333   39.81355  93.4%  1252 10185s
 43299 37028  317.61849  138  264  601.83333   39.95000  93.4%  1251 10265s
 43733 37388  211.87311  141  216  601.83333   39.95000  93.4%  1253 10349s
 44321 37886  101.75996   66  319  601.83333   40.12270  93.3%  1252 10428s
 44933 38452  231.96308  120  314  601.83333   40.12270  93.3%  1248 10503s
 45292 38741  304.56250  179  169  601.83333   40.12270  93.3%  1249 10581s
 45796 39181  271.97974  139  192  601.83333   40.25000  93.3%  1250 10662s
 46254 39575  325.54971   76  293  601.83333   40.25000  93.3%  1248 10747s
 46740 39984  203.58333   86  269  601.83333   40.25000  93.3%  1247 10825s
 47146 40354   67.27303   44  379  601.83333   40.50263  93.3%  1245 10900s
 47599 40748  296.97028  134  298  601.83333   40.50263  93.3%  1245 10984s
 48114 41200   63.61349   44  384  601.83333   40.75428  93.2%  1244 11067s
 48582 41604  168.67094   43  267  601.83333   40.75428  93.2%  1243 11144s
H48755 41767                     600.8333333   40.75428  93.2%  1244 11144s
 48946 41932  200.82719   44  325  600.83333   40.75428  93.2%  1245 11221s
 49328 42282  591.13820  133  140  600.83333   40.75428  93.2%  1247 11296s
 49600 42527  304.12945  141  222  600.83333   40.76316  93.2%  1249 11374s
 50001 42879   68.94319   48  320  600.83333   40.76316  93.2%  1249 11459s
 50239 43097  190.58750   78  161  600.83333   40.85526  93.2%  1249 11540s
 50772 43567  180.97222   75  171  600.83333   40.85526  93.2%  1246 11620s
 51353 44069  145.22153   23  424  600.83333   40.85526  93.2%  1243 11699s
 51959 44598  170.14167   74  219  600.83333   41.20000  93.1%  1239 11783s
 52391 44967     cutoff   85       600.83333   41.20000  93.1%  1239 11861s
 52798 45323  282.76794   79  296  600.83333   41.23947  93.1%  1239 11939s
 53222 45691  104.17544   43  407  600.83333   41.23947  93.1%  1240 12015s
 53651 46102  146.85797  126  259  600.83333   41.25000  93.1%  1237 12093s
 54141 46541  450.20000  181  101  600.83333   41.26773  93.1%  1237 12173s
 54371 46714  103.69938   40  537  600.83333   41.26773  93.1%  1240 12248s
 54748 47071  144.53257   72  391  600.83333   41.26773  93.1%  1242 12329s
 55148 47431  160.80821  126  335  600.83333   41.52000  93.1%  1242 12403s
 55651 47868  194.25731   75  228  600.83333   41.75175  93.1%  1243 12485s
 56164 48297  196.77143  148  215  600.83333   41.75175  93.1%  1241 12556s
 56463 48582 infeasible  196       600.83333   41.94737  93.0%  1242 12634s
 56838 48890  195.42492   59  422  600.83333   41.94737  93.0%  1243 12708s
 57221 49202  183.12445   36  413  600.83333   41.94737  93.0%  1242 12781s
 57647 49588  239.35897  136  229  600.83333   42.03509  93.0%  1241 12858s
 58186 50070  170.01042   35  370  600.83333   42.03509  93.0%  1241 12933s
 58476 50302  255.59430   59  330  600.83333   42.10526  93.0%  1244 13008s
 58997 50704     cutoff   70       600.83333   42.10526  93.0%  1245 13088s
 59383 51054  168.66776   31  401  600.83333   42.10526  93.0%  1245 13164s
 59883 51473  210.33333   28  274  600.83333   42.16448  93.0%  1244 13243s
 60299 51844  131.43860   43  247  600.83333   42.18661  93.0%  1243 13324s
 60739 52237  190.30000   91  233  600.83333   42.18750  93.0%  1246 13407s
 61054 52515  177.42398   88  201  600.83333   42.24112  93.0%  1247 13490s
 61560 52969  248.47778  121  215  600.83333   42.25731  93.0%  1246 13567s
 62139 53481  289.00517  152  250  600.83333   42.35488  93.0%  1246 13645s
 62741 54015  485.24767  159  328  600.83333   42.39268  92.9%  1245 13726s
 63042 54255  201.33509   66  430  600.83333   42.39268  92.9%  1245 13808s
 63582 54733  201.71830   88  293  600.83333   42.39268  92.9%  1245 13885s
 64129 55215  233.61536  109  287  600.83333   42.39268  92.9%  1245 13962s
 64664 55688  407.33488  147  245  600.83333   42.39268  92.9%  1245 14040s
 65112 56061     cutoff  197       600.83333   42.87884  92.9%  1247 14117s
 65691 56548  175.66667  129  214  600.83333   42.87884  92.9%  1244 14198s
 66232 57015   61.75731   50  298  600.83333   42.87884  92.9%  1242 14277s
 66774 57499  287.00000  195   84  600.83333   42.87884  92.9%  1239 14354s
 67191 57854  266.73947  153  164  600.83333   43.06543  92.8%  1239 14435s
 67662 58228  216.51892  139  315  600.83333   43.10106  92.8%  1239 14510s
 68042 58557  129.93750  106  253  600.83333   43.10106  92.8%  1237 14590s
 68551 58989  212.60458   85  182  600.83333   43.10106  92.8%  1236 14668s
 69022 59404  188.25731   64  218  600.83333   43.19931  92.8%  1235 14746s
 69575 59877   67.12105   44  375  600.83333   43.36613  92.8%  1234 14825s
 69660 59946  105.83499   50  361  600.83333   43.43524  92.8%  1235 14907s
 70310 60509  237.41228   58  271  600.83333   43.44412  92.8%  1231 14985s
 70897 61040  209.12064   54  441  600.83333   43.53472  92.8%  1228 15056s
 71366 61484  292.59372  174  333  600.83333   43.54636  92.8%  1225 15137s
 71970 62005  227.03595   56  288  600.83333   43.57407  92.7%  1222 15211s
 72304 62316  105.20261   46  218  600.83333   43.57407  92.7%  1224 15287s
 72771 62708  119.35417  137  146  600.83333   43.57407  92.7%  1228 15361s
 73328 63192  328.29485  221  209  600.83333   43.74079  92.7%  1227 15438s
 73855 63633   65.26567   40  351  600.83333   43.78166  92.7%  1226 15515s
 74266 64005  245.96679  155  282  600.83333   43.82698  92.7%  1227 15583s
 74701 64382  212.60458   60  159  600.83333   44.10556  92.7%  1227 15659s
 75166 64784  165.82585   74  350  600.83333   44.10556  92.7%  1227 15735s
 75612 65185  459.76047  180  275  600.83333   44.10556  92.7%  1226 15810s
 76244 65722  227.00000   65  271  600.83333   44.33333  92.6%  1224 15887s
 76825 66244  224.60526   79  199  600.83333   44.33333  92.6%  1222 15969s
 77384 66713  143.99048  141  200  600.83333   44.33333  92.6%  1221 16040s
 77755 67038   81.86111   73  291  600.83333   44.33333  92.6%  1221 16115s
 77880 67147  352.70225   95  265  600.83333   44.37114  92.6%  1222 16189s
 78344 67522  315.66667  125  221  600.83333   44.55263  92.6%  1223 16261s
 78736 67843  111.95614   96  258  600.83333   44.55556  92.6%  1223 16332s
 79171 68229  110.22369   54  441  600.83333   44.55556  92.6%  1224 16401s
 79446 68477  258.65520   95  287  600.83333   44.55556  92.6%  1227 16473s
 79983 68930  423.75560  205   88  600.83333   44.55556  92.6%  1228 16546s
 80613 69458  557.03509  104  202  600.83333   44.61293  92.6%  1229 16617s
 81076 69850   83.94367   69  468  600.83333   44.61293  92.6%  1229 16739s
 81321 70061   84.02794   70  439  600.83333   44.61293  92.6%  1230 16807s
 81573 70291  445.30000  123  151  600.83333   44.81070  92.5%  1230 16882s
 82162 70783  149.64444   94  265  600.83333   44.93439  92.5%  1230 16957s
 82599 71168   99.25731   48  269  600.83333   44.93439  92.5%  1230 17032s
 82988 71506  339.74485  175  198  600.83333   44.93439  92.5%  1231 17109s
 83478 71941 infeasible  173       600.83333   44.97368  92.5%  1230 17184s
 83861 72270  227.23185  142  365  600.83333   44.97368  92.5%  1229 17259s
 84253 72585   91.23810   52  301  600.83333   45.09467  92.5%  1229 17336s
 84785 73080  188.48443   41  405  600.83333   45.09467  92.5%  1228 17413s
 85285 73534  280.66796   94  286  600.83333   45.20362  92.5%  1227 17483s
 85767 73967  193.81404   36  346  600.83333   45.20362  92.5%  1226 17558s
 86316 74442  136.14737   47  312  600.83333   45.30000  92.5%  1225 17636s
 86889 74935  225.39474   83  249  600.83333   45.45000  92.4%  1224 17710s
 87278 75282  199.45422   49  294  600.83333   45.51494  92.4%  1225 17784s
 87893 75805  201.46626  143  289  600.83333   45.54545  92.4%  1223 17860s
 88316 76169  100.05882  110  231  600.83333   45.61425  92.4%  1223 17931s
 88639 76481  230.10192  239  153  600.83333   45.61842  92.4%  1225 18006s
 88973 76760  217.53676  141  215  600.83333   45.72283  92.4%  1227 18079s
 89335 77076  144.01830  102  349  600.83333   45.72283  92.4%  1228 18148s
 89624 77304 infeasible  196       600.83333   45.72283  92.4%  1231 18219s
 90023 77579  546.86298   72  228  600.83333   45.72283  92.4%  1233 18293s
 90461 77930  149.72283   50  344  600.83333   45.84550  92.4%  1234 18366s
 91030 78453  123.51217   39  375  600.83333   45.89737  92.4%  1233 18439s
 91460 78825  431.26754   87  377  600.83333   45.90789  92.4%  1233 18514s
 91794 79121  424.85692  106  363  600.83333   45.91053  92.4%  1235 18587s
 92259 79533  408.55305  144  345  600.83333   46.06462  92.3%  1234 18663s
 92784 79968  277.29884  140  345  600.83333   46.12072  92.3%  1233 18737s
 93016 80181   84.04868   42  425  600.83333   46.12072  92.3%  1234 18809s
 93435 80563  161.24444  158  211  600.83333   46.18495  92.3%  1235 18882s
 93956 80991  197.87543   69  236  600.83333   46.22346  92.3%  1236 18955s
 94447 81398  199.03509   60  223  600.83333   46.29085  92.3%  1236 19031s
 94882 81780  207.33509   81  367  600.83333   46.29085  92.3%  1238 19102s
 95146 81995  199.03509   91  202  600.83333   46.29085  92.3%  1239 19180s
 95451 82210  199.03509  106  214  600.83333   46.29085  92.3%  1242 19257s
 95729 82461  199.03509  127  194  600.83333   46.29085  92.3%  1243 19328s
 96134 82824  237.41667  154  229  600.83333   46.29085  92.3%  1244 19401s
 96588 83189  321.26136  190  194  600.83333   46.39335  92.3%  1247 19473s
 97008 83499  199.38889   63  180  600.83333   46.39335  92.3%  1248 19545s
 97264 83730  199.38889   80  277  600.83333   46.39335  92.3%  1251 19625s
 97609 84004  233.13889  112  232  600.83333   46.39335  92.3%  1252 19705s
 97881 84243  262.31536  136  234  600.83333   46.39335  92.3%  1255 19782s
 98192 84523 infeasible  169       600.83333   46.39474  92.3%  1256 19863s
 98482 84754  187.56140   56  196  600.83333   46.39474  92.3%  1258 19941s
 98836 85063  151.23849   34  322  600.83333   46.39474  92.3%  1258 20013s
 99143 85357  258.61111   98  240  600.83333   46.39474  92.3%  1257 20093s
 99824 85960  132.70040   95  281  600.83333   46.39474  92.3%  1255 20165s
 100161 86247  474.70917  215  174  600.83333   46.43056  92.3%  1255 20240s
 100676 86684   98.58860   49  421  600.83333   46.51579  92.3%  1255 20312s
 101093 87041  131.61025   53  373  600.83333   46.51579  92.3%  1255 20387s
 101617 87498  186.84912   32  372  600.83333   46.51579  92.3%  1254 20461s
 102150 87966  246.15119  147  139  600.83333   46.66842  92.2%  1253 20535s
 102646 88370     cutoff  143       600.83333   46.67346  92.2%  1254 20612s
 103031 88650  191.91053   65  232  600.83333   46.75428  92.2%  1255 20689s
 103430 89011  462.65641  203  145  600.83333   46.76316  92.2%  1255 20771s
 103871 89376  128.11196   60  312  600.83333   46.76316  92.2%  1255 20845s
 104230 89700  212.26667   83  146  600.83333   46.76316  92.2%  1255 20923s
 104541 89995   81.70639   32  530  600.83333   46.76316  92.2%  1255 20997s
 104873 90301   82.43446   33  456  600.83333   46.76316  92.2%  1255 21071s
 105282 90664  101.20760   43  419  600.83333   46.76316  92.2%  1255 21148s
 105611 90944   61.06924   40  475  600.83333   46.76316  92.2%  1255 21276s
 105906 91214   84.36819   41  432  600.83333   46.76316  92.2%  1257 21351s
 106230 91488  207.25458  109  295  600.83333   46.85041  92.2%  1257 21433s
 106705 91882  216.34649   86  211  600.83333   46.86743  92.2%  1257 21500s
 107101 92210   50.22299   54  373  600.83333   46.86743  92.2%  1256 21575s
 107529 92589  205.18118   62  397  600.83333   46.86743  92.2%  1257 21652s
 107942 92955  273.45665  142  264  600.83333   46.98039  92.2%  1258 21733s
 108426 93363  536.83499  172  162  600.83333   47.02614  92.2%  1258 21810s
 108970 93803  101.32026  109  207  600.83333   47.03586  92.2%  1258 21882s
 109414 94180  160.32062  113  309  600.83333   47.04442  92.2%  1259 21957s
 109806 94515  230.05294  107  320  600.83333   47.20000  92.1%  1261 22029s
 110240 94913  195.34357   85  232  600.83333   47.20000  92.1%  1261 22099s
 110606 95229  159.72953  111  225  600.83333   47.20000  92.1%  1263 22178s
 111067 95621  204.99914  122  287  600.83333   47.25731  92.1%  1263 22252s
 111470 96011  118.48693   68  289  600.83333   47.35753  92.1%  1263 22326s
 111934 96405  241.32135   86  268  600.83333   47.36842  92.1%  1263 22405s
 112279 96715   73.21770   76  288  600.83333   47.52778  92.1%  1265 22483s
 112674 97057   85.68627  100  170  600.83333   47.52778  92.1%  1266 22557s
 112937 97257   85.68627  121  265  600.83333   47.52778  92.1%  1268 22635s
 113352 97624  116.47265  142  360  600.83333   47.52778  92.1%  1268 22713s
 113624 97864  125.49020  168  266  600.83333   47.52778  92.1%  1269 22791s
 113989 98184  135.19872  189  205  600.83333   47.52778  92.1%  1269 22864s
 114341 98498  288.16667  215  146  600.83333   47.67990  92.1%  1269 22939s
 114853 98929  568.23480   50  217  600.83333   47.84048  92.0%  1268 23018s
 115373 99328   48.08562   33  452  600.83333   47.93180  92.0%  1268 23093s
 115750 99659   68.56667   44  358  600.83333   47.93180  92.0%  1268 23172s
 116170 99990     cutoff  120       600.83333   48.07599  92.0%  1270 23245s
 116733 100440  175.35428   38  348  600.83333   48.08562  92.0%  1269 23322s
 117173 100837  550.58170  164  193  600.83333   48.08562  92.0%  1269 23401s
 117575 101176  158.86469   58  298  600.83333   48.08562  92.0%  1269 23490s
 118006 101569  139.51053   85  300  600.83333   48.08562  92.0%  1269 23567s
 118292 101807  224.76804  116  326  600.83333   48.18421  92.0%  1270 23660s
 118699 102147   96.45430   40  394  600.83333   48.18421  92.0%  1270 23731s
 118867 102300  279.55380   77  330  600.83333   48.18421  92.0%  1270 23818s
 119194 102566  143.16667   98  204  600.83333   48.18421  92.0%  1270 23894s
 119693 103020  130.77778   57  240  600.83333   48.18421  92.0%  1269 23969s
 120092 103368  224.18421   54  236  600.83333   48.20000  92.0%  1269 24050s
 120506 103716  224.18421  158  183  600.83333   48.34211  92.0%  1268 24125s
 120750 103904   93.53584   53  435  600.83333   48.34211  92.0%  1269 24200s
 121051 104152  215.22632   90  222  600.83333   48.35969  92.0%  1269 24280s
 121547 104607   48.41967   15  383  600.83333   48.35969  92.0%  1269 24355s
 121743 104766   53.40787   23  581  600.83333   48.35969  92.0%  1270 24435s
 121928 104926   57.26792   24  575  600.83333   48.35969  92.0%  1271 24513s
 121996 104992  105.95695   29  588  600.83333   48.35969  92.0%  1273 24591s
 122333 105312  296.36606  151  346  600.83333   48.40855  91.9%  1273 24670s
 122677 105591  119.81046   88  245  600.83333   48.41967  91.9%  1273 24744s
 123115 105976  362.45707  166  161  600.83333   48.41967  91.9%  1273 24824s
 123538 106338  130.85491   32  392  600.83333   48.41967  91.9%  1273 24905s
 123898 106669  153.11587  127  334  600.83333   48.43791  91.9%  1273 24984s
 124210 106954   99.85522   24  511  600.83333   48.50000  91.9%  1273 25088s
 124475 107188  113.19313   34  378  600.83333   48.50000  91.9%  1274 25167s
 124886 107536  134.49337  136  373  600.83333   48.50000  91.9%  1273 25246s
 125248 107867   51.75625   26  465  600.83333   48.50000  91.9%  1274 25325s
 125671 108257  305.95263  130  227  600.83333   48.51042  91.9%  1273 25410s
 125961 108513  331.00000   77  288  600.83333   48.51042  91.9%  1274 25489s
 126375 108882  346.95605  161  365  600.83333   48.51042  91.9%  1273 25561s
 126575 109050  171.66667   55  205  600.83333   48.51042  91.9%  1273 25637s
 126762 109231  171.66667   70  171  600.83333   48.51042  91.9%  1274 25720s
 127069 109513  171.66667   80  193  600.83333   48.51042  91.9%  1274 25809s
 127321 109729  181.30952   98  208  600.83333   48.51042  91.9%  1275 25887s
 127662 110036  195.63333  117  244  600.83333   48.51042  91.9%  1276 25963s
 128037 110370  195.63333  141  237  600.83333   48.51042  91.9%  1276 26037s
 128400 110690  236.37917  164  188  600.83333   48.51042  91.9%  1278 26108s
 128853 111097  224.86563  190  231  600.83333   48.80783  91.9%  1278 26191s
 129442 111589   48.86928   13  288  600.83333   48.83333  91.9%  1277 26276s
 129635 111760   52.49059   21  533  600.83333   48.83333  91.9%  1278 26352s
 129915 111998   86.56746   35  301  600.83333   48.83333  91.9%  1278 26435s
 130363 112414  138.22222   62  194  600.83333   48.83333  91.9%  1277 26516s
 130964 112926   94.33333   98  236  600.83333   48.86928  91.9%  1276 26601s
 131509 113433  223.56609   19  415  600.83333   48.86928  91.9%  1274 26682s
 131828 113708  177.35497   19  338  600.83333   48.86928  91.9%  1274 26757s
 132312 114132  304.65804  124  285  600.83333   48.89737  91.9%  1272 26836s
 132853 114600  206.70261   53  404  600.83333   48.89737  91.9%  1271 26912s
 133212 114936     cutoff  169       600.83333   48.97368  91.8%  1271 26983s
 133328 115028  191.03256  102  378  600.83333   48.97368  91.8%  1271 27058s
 133625 115276  128.94165   67  357  600.83333   48.97368  91.8%  1272 27136s
 134098 115687  116.78148   43  348  600.83333   48.97368  91.8%  1272 27213s
 134646 116169  100.40454   21  439  600.83333   48.98039  91.8%  1270 27291s
 135117 116605  233.05477  140  284  600.83333   48.98039  91.8%  1268 27396s
 135540 116953   59.86077   28  491  600.83333   48.98039  91.8%  1269 27475s
 135879 117261  249.54549   91  308  600.83333   48.98039  91.8%  1269 27571s
 136108 117467  292.99692  102  423  600.83333   48.98039  91.8%  1270 27646s
 136478 117811  194.89628   20  464  600.83333   48.98039  91.8%  1270 27727s
 136829 118135     cutoff  164       600.83333   48.98039  91.8%  1270 27805s
 137114 118399  175.11765   38  280  600.83333   48.98039  91.8%  1271 27886s
 137601 118828  385.80000  164  169  600.83333   48.99287  91.8%  1271 27960s
 137899 119098  169.60289   64  413  600.83333   48.99287  91.8%  1271 28035s
 138298 119433   49.05000   31  324  600.83333   48.99287  91.8%  1270 28117s
 138836 119923  491.38889   94  200  600.83333   49.05000  91.8%  1269 28191s
 139229 120275  234.00533   72  349  600.83333   49.05000  91.8%  1269 28269s
 139626 120601  174.12382   61  410  600.83333   49.07578  91.8%  1269 28349s
 140092 120982  203.23757   68  393  600.83333   49.10526  91.8%  1269 28428s
 140462 121313   99.28363   50  285  600.83333   49.10526  91.8%  1269 28505s
 140916 121699  209.17346  129  323  600.83333   49.12270  91.8%  1269 28582s
 141300 122052  275.54812  100  378  600.83333   49.12270  91.8%  1269 28659s
 141704 122407  222.93378  144  284  600.83333   49.15941  91.8%  1270 28737s
 142126 122768  222.25395  126  328  600.83333   49.18234  91.8%  1271 28812s
 142527 123097   59.07000   53  464  600.83333   49.25175  91.8%  1271 28885s
 143119 123659  112.39444   82  322  600.83333   49.25175  91.8%  1270 28957s
 143527 124011  176.54721   37  313  600.83333   49.27942  91.8%  1270 29033s
 143971 124362  106.93567   38  370  600.83333   49.34667  91.8%  1270 29111s
 144351 124706  143.29547   47  429  600.83333   49.34667  91.8%  1270 29188s
 144749 125053  533.59337  119  347  600.83333   49.38219  91.8%  1270 29266s
 145171 125403  248.02222   74  254  600.83333   49.47831  91.8%  1271 29343s
 145691 125854  275.48356  133  338  600.83333   49.59474  91.7%  1270 29425s
 146073 126215  274.00000   88  144  600.83333   49.59474  91.7%  1270 29509s
 146374 126437  435.45469  136  262  600.83333   49.59474  91.7%  1271 29589s
 146700 126710   85.50877   68  488  600.83333   49.63304  91.7%  1272 29665s
 146995 126987  138.20902   78  266  600.83333   49.63304  91.7%  1272 29739s
 147355 127291  159.61910  119  261  600.83333   49.67500  91.7%  1273 29812s
 147699 127553  279.98794   39  337  600.83333   49.80000  91.7%  1274 29891s
 148250 128032  102.28824   48  324  600.83333   49.80000  91.7%  1273 29974s
 148707 128419  177.46667   61  274  600.83333   49.80000  91.7%  1273 30052s
 149128 128802  117.95000   55  303  600.83333   49.80000  91.7%  1273 30129s
 149823 129422  416.83571  201  158  600.83333   49.86743  91.7%  1272 30207s
 150323 129774   85.90175   55  350  600.83333   49.86919  91.7%  1272 30275s
 150505 129924  295.91827   83  293  600.83333   49.86919  91.7%  1273 30350s
 151000 130361  160.17915   90  326  600.83333   49.99816  91.7%  1272 30429s
 151552 130834  111.45556  129  210  600.83333   50.10106  91.7%  1272 30505s
 151976 131219  158.04848  113  239  600.83333   50.10106  91.7%  1273 30583s
 152590 131733  230.62745  117  229  600.83333   50.14444  91.7%  1272 30658s
 153046 132123  160.86176   36  310  600.83333   50.20175  91.6%  1273 30738s
H153205 131104                     563.5000000   50.20175  91.1%  1273 30738s
H153573 128111                     499.5000000   50.20175  89.9%  1272 30810s
 153810 128328  151.71128  125  293  499.50000   50.20175  89.9%  1274 30883s
 154338 128789  208.55175   91  243  499.50000   50.20175  89.9%  1274 30958s
 154812 129185  161.86842   99  185  499.50000   50.22299  89.9%  1274 31032s
 155261 129565  358.85408   65  316  499.50000   50.23497  89.9%  1275 31105s
 155749 129996  263.95208  124  280  499.50000   50.39130  89.9%  1274 31180s
 156346 130502  450.66581  171   71  499.50000   50.40305  89.9%  1273 31253s
 156836 130879  156.52273   98  200  499.50000   50.40410  89.9%  1273 31330s
 157170 131167  176.03768  125  336  499.50000   50.43791  89.9%  1273 31404s
 157550 131499  106.18301   77  239  499.50000   50.45423  89.9%  1275 31484s
 158015 131894 infeasible  194       499.50000   50.55265  89.9%  1275 31563s
 158359 132192  145.51638  149  248  499.50000   50.55556  89.9%  1276 31644s
 158788 132550  215.80556   68  231  499.50000   50.55556  89.9%  1276 31727s
 159141 132867  293.79292  150  293  499.50000   50.55556  89.9%  1277 31800s
 159682 133355  128.28554  119  191  499.50000   50.55556  89.9%  1277 31879s
 160052 133648  228.48693   64  338  499.50000   50.55556  89.9%  1277 31956s
 160425 133950  120.48835   82  256  499.50000   50.64620  89.9%  1278 32031s
 160819 134278  161.90899  114  289  499.50000   50.64620  89.9%  1278 32098s
 160948 134377  188.20363  126  267  499.50000   50.68736  89.9%  1278 32173s
 161384 134744  103.85948   63  290  499.50000   50.68736  89.9%  1278 32246s
 161739 135057  199.26532  155  200  499.50000   50.80691  89.8%  1279 32324s
 162074 135370  404.77778  141  240  499.50000   50.80691  89.8%  1279 32401s
 162548 135782   59.83729   22  363  499.50000   50.80691  89.8%  1279 32483s
 162933 136126  334.32313  106  257  499.50000   50.86842  89.8%  1279 32561s
 163304 136456  155.82409  131  223  499.50000   50.86842  89.8%  1279 32639s
 163784 136817  221.53509   29  241  499.50000   50.92136  89.8%  1279 32724s
 164263 137216   65.99826   26  447  499.50000   50.97533  89.8%  1279 32804s
 164756 137657  119.37135   84  268  499.50000   50.97533  89.8%  1279 32884s
 165287 138151  235.20916   97  308  499.50000   50.97533  89.8%  1279 32962s
 165814 138620  255.83974  114  229  499.50000   50.98819  89.8%  1278 33041s
 166257 138976  468.87665   98  280  499.50000   50.98819  89.8%  1278 33118s
 166510 139203  302.83333   92  144  499.50000   50.99122  89.8%  1279 33190s
 166874 139495  114.64444   41  320  499.50000   50.99122  89.8%  1280 33264s
 167151 139736  195.14869   53  297  499.50000   50.99122  89.8%  1281 33343s
 167515 140074  336.07946  153  196  499.50000   50.99122  89.8%  1282 33421s
 168105 140528  119.37555   75  419  499.50000   51.10390  89.8%  1282 33494s
 168537 140904  165.32197   54  361  499.50000   51.15000  89.8%  1281 33573s
 168946 141253  119.85000   36  337  499.50000   51.15000  89.8%  1281 33652s
 169229 141527  102.68333   46  239  499.50000   51.15000  89.8%  1281 33728s
 169499 141765  107.15702   64  305  499.50000   51.15000  89.8%  1282 33807s
 169797 142026  125.65702   84  371  499.50000   51.15000  89.8%  1282 33884s
 170238 142428  125.65702  101  354  499.50000   51.15000  89.8%  1283 33965s
 170567 142714  153.66976  130  294  499.50000   51.15000  89.8%  1284 34040s
 171025 143131  175.44275  163  391  499.50000   51.30256  89.7%  1285 34114s
 171425 143486  163.57018   45  240  499.50000   51.30256  89.7%  1286 34198s
 171876 143869  234.28244  161  447  499.50000   51.40323  89.7%  1286 34271s
 172235 144183  203.67357  118  317  499.50000   51.45000  89.7%  1286 34346s
 172779 144657  190.18860  125  257  499.50000   51.45000  89.7%  1287 34419s
 173094 144935  108.24406   62  431  499.50000   51.45000  89.7%  1287 34496s
 173617 145401  184.20948  116  339  499.50000   51.45000  89.7%  1286 34577s
 174133 145870  220.28095  119  256  499.50000   51.48995  89.7%  1286 34660s
 174677 146357  214.15359  109  194  499.50000   51.48995  89.7%  1286 34734s
 174921 146522  301.68860   89  295  499.50000   51.48995  89.7%  1286 34811s
 175323 146867  123.15359   79  257  499.50000   51.48995  89.7%  1287 34892s
 175694 147190  197.82026   68  250  499.50000   51.50257  89.7%  1287 34973s
 176054 147535  224.33810  157  173  499.50000   51.50257  89.7%  1288 35050s
 176635 148048  218.47090   39  282  499.50000   51.53509  89.7%  1288 35135s
 177315 148569  108.35122   63  332  499.50000   51.53957  89.7%  1286 35249s
 177381 148640  112.05829   64  327  499.50000   51.53957  89.7%  1286 35338s
 177537 148780  279.75526  148  243  499.50000   51.55000  89.7%  1287 35419s
 177828 149032  218.01101   43  238  499.50000   51.55000  89.7%  1288 35495s
 178064 149251  287.59290   80  287  499.50000   51.55000  89.7%  1289 35578s
 178346 149481  218.51299   36  457  499.50000   51.60526  89.7%  1291 35657s
 178718 149811  106.71667   23  340  499.50000   51.61842  89.7%  1292 35742s
 179219 150266  100.61842   65  289  499.50000   51.61842  89.7%  1291 35825s
 179807 150794  178.99823   89  314  499.50000   51.64841  89.7%  1290 35904s
 180324 151254  193.95175  102  259  499.50000   51.69088  89.7%  1290 35977s
 180689 151567  102.79764  119  237  499.50000   51.69647  89.7%  1290 36055s
 181265 152072  190.42309  122  339  499.50000   51.70175  89.6%  1289 36134s
 181619 152377  128.66667   91  270  499.50000   51.70266  89.6%  1289 36210s
 182066 152771   52.54550   62  386  499.50000   51.70266  89.6%  1289 36286s
 182507 153145  119.32721  113  208  499.50000   51.75625  89.6%  1289 36361s
 182891 153460  150.36667   58  258  499.50000   51.75625  89.6%  1289 36435s
 183384 153892  432.20000   58  266  499.50000   51.76316  89.6%  1288 36511s
 183768 154236  278.44737   76  261  499.50000   51.76316  89.6%  1289 36601s
 184129 154545  203.30686   32  409  499.50000   51.76316  89.6%  1290 36681s
 184617 154961  279.17414  109  398  499.50000   51.76316  89.6%  1289 36758s
 184937 155256   70.89952   35  394  499.50000   51.76316  89.6%  1289 36858s
 185292 155556  164.42982   68  399  499.50000   51.76316  89.6%  1289 36934s
 185578 155804  132.26316   36  199  499.50000   51.76316  89.6%  1289 37009s
 185930 156132  342.26316  150  208  499.50000   51.76316  89.6%  1289 37086s
 186392 156543  167.09649  127  186  499.50000   51.81316  89.6%  1289 37160s
 186874 156985  190.04064   92  310  499.50000   51.81316  89.6%  1288 37241s
 187215 157278  233.39508  131  302  499.50000   51.86842  89.6%  1288 37319s
 187598 157611  198.27193   79  179  499.50000   51.86842  89.6%  1288 37401s
 188043 158017  215.31287   84  282  499.50000   51.86842  89.6%  1288 37478s
 188586 158495  197.86842   87  236  499.50000   51.87135  89.6%  1287 37554s
 188955 158799  238.86842   72  251  499.50000   51.87135  89.6%  1287 37633s
 189332 159125  270.35479   82  282  499.50000   51.87135  89.6%  1287 37715s
 189779 159518  249.37135   73  216  499.50000   51.88354  89.6%  1287 37791s
 190379 160038  215.44444   86  221  499.50000   51.93532  89.6%  1286 37869s
 190836 160424  222.20000  111  173  499.50000   52.05000  89.6%  1286 37946s
 191326 160854  158.37500  102  263  499.50000   52.06928  89.6%  1285 38034s
 191701 161185  126.96429   52  404  499.50000   52.06928  89.6%  1286 38111s
 192153 161600  180.55497   17  418  499.50000   52.06928  89.6%  1285 38185s
 192550 161934  156.06928   20  359  499.50000   52.12533  89.6%  1285 38263s
 193078 162406  396.39796  131  338  499.50000   52.20122  89.5%  1284 38342s
 193550 162824  267.98858  132  252  499.50000   52.23684  89.5%  1283 38423s
 194058 163265  148.90351   65  224  499.50000   52.23684  89.5%  1282 38502s
 194592 163711  310.83333   74  167  499.50000   52.25263  89.5%  1282 38580s
 194897 163986  212.57018   63  203  499.50000   52.25263  89.5%  1282 38657s
 195181 164220  327.25400  174  224  499.50000   52.26316  89.5%  1283 38731s
 195660 164631   52.26316   37  353  499.50000   52.26316  89.5%  1283 38814s
 196069 164991   65.36842   32  389  499.50000   52.26316  89.5%  1283 38894s
 196394 165287  398.96388  112  313  499.50000   52.26316  89.5%  1283 38972s
 196805 165639  185.38874  134  346  499.50000   52.32444  89.5%  1283 39050s
 197210 165980  201.71712   49  342  499.50000   52.35156  89.5%  1284 39164s
 197518 166226  181.17630  104  285  499.50000   52.35263  89.5%  1285 39239s
 197894 166553  370.50891   92  288  499.50000   52.35263  89.5%  1285 39325s
 198095 166711   61.37813   28  510  499.50000   52.35263  89.5%  1286 39397s
 198397 166994  361.78295   70  345  499.50000   52.35263  89.5%  1287 39479s
 198725 167264  257.44369   49  394  499.50000   52.36151  89.5%  1287 39565s
 199105 167599  203.80344   40  355  499.50000   52.40446  89.5%  1287 39640s
 199614 168027  226.94386   63  291  499.50000   52.41217  89.5%  1287 39717s
 200026 168385  139.98673   83  321  499.50000   52.42105  89.5%  1287 39802s
 200452 168740   95.55000   92  297  499.50000   52.45679  89.5%  1287 39888s
 200893 169116  103.62882   93  244  499.50000   52.45679  89.5%  1287 39972s
 201282 169455   54.12346   40  371  499.50000   52.45679  89.5%  1287 40058s
 201552 169707  459.75334  140  309  499.50000   52.45679  89.5%  1287 40138s
 201794 169920  178.45679   57  252  499.50000   52.45679  89.5%  1288 40226s
 202333 170403  196.95679   79  231  499.50000   52.45679  89.5%  1287 40306s
 202638 170661  196.98838  115  229  499.50000   52.45679  89.5%  1287 40383s
 203086 171047  238.84888  156  435  499.50000   52.50329  89.5%  1288 40459s
 203496 171419  194.79012   38  322  499.50000   52.53333  89.5%  1288 40536s
 204037 171861  181.50190   61  363  499.50000   52.54550  89.5%  1288 40613s
 204448 172253  312.73333  163  196  499.50000   52.54550  89.5%  1288 40693s
 204702 172468  130.70175   84  184  499.50000   52.55263  89.5%  1289 40770s
 204941 172673  175.70175  123  181  499.50000   52.55263  89.5%  1290 40845s
 205407 173104  192.88596   32  383  499.50000   52.55263  89.5%  1291 40923s
 205798 173448   82.16208   39  380  499.50000   52.55263  89.5%  1291 41001s
 206260 173823  194.64670  141  240  499.50000   52.59064  89.5%  1290 41081s
 206939 174398  186.56944   85  223  499.50000   52.68437  89.5%  1290 41159s
 207403 174768     cutoff   72       499.50000   52.78999  89.4%  1290 41236s
 207778 175086  339.84722  123  269  499.50000   52.78999  89.4%  1290 41312s
 208058 175324  109.66064   74  459  499.50000   52.78999  89.4%  1291 41383s
 208335 175562  121.66667   76  266  499.50000   52.78999  89.4%  1292 41462s
 208861 175970  335.43509  102  246  499.50000   52.81078  89.4%  1293 41538s
 209393 176418  356.20175  104  287  499.50000   52.94124  89.4%  1293 41615s
 209725 176695   88.83333   61  272  499.50000   53.07895  89.4%  1293 41693s
 210221 177121  176.83509   94  244  499.50000   53.07895  89.4%  1293 41772s
 210541 177393  217.74561   35  214  499.50000   53.07895  89.4%  1294 41849s
 211047 177856  274.35965  103  228  499.50000   53.14379  89.4%  1293 41930s
 211398 178169  203.81579   80  290  499.50000   53.14379  89.4%  1293 42004s
 212048 178741  159.57204   85  281  499.50000   53.16667  89.4%  1292 42078s
 212507 179144  116.17647   57  300  499.50000   53.16667  89.4%  1292 42156s
 212950 179544  207.00000   43  388  499.50000   53.19988  89.3%  1292 42236s
 213300 179852  244.03064   54  335  499.50000   53.19988  89.3%  1292 42314s
 213622 180150  237.83333   69  177  499.50000   53.19988  89.3%  1293 42393s
 213988 180488  243.71814   91  240  499.50000   53.19988  89.3%  1293 42469s
 214256 180734  237.83333  112  198  499.50000   53.19988  89.3%  1294 42546s
 214603 181046  364.43605  132  183  499.50000   53.19988  89.3%  1295 42626s
 214892 181312  237.83333  150  141  499.50000   53.19988  89.3%  1296 42702s
 215210 181600  284.76891  175  293  499.50000   53.31579  89.3%  1296 42776s
 215570 181903  112.43750   75  260  499.50000   53.31579  89.3%  1296 42850s
 215992 182234  407.30808   88  162  499.50000   53.33648  89.3%  1297 42928s
 216549 182734  333.56579   78  374  499.50000   53.43860  89.3%  1296 43005s
 216886 183021   75.44444   73  212  499.50000   53.43860  89.3%  1296 43089s
 217299 183376  303.20468   80  308  499.50000   53.43860  89.3%  1296 43166s
 217752 183759  302.43838   88  304  499.50000   53.44359  89.3%  1296 43247s
 218344 184287  130.60408  122  454  499.50000   53.45614  89.3%  1295 43318s
 218555 184479  105.44737   73  237  499.50000   53.45614  89.3%  1295 43397s
 218953 184829  170.23538  144  271  499.50000   53.47303  89.3%  1295 43480s
 219421 185247  237.78947   48  283  499.50000   53.51393  89.3%  1295 43561s
 220003 185692   99.22766   43  378  499.50000   53.55556  89.3%  1295 43642s
 220427 186075   79.33333   75  294  499.50000   53.57292  89.3%  1295 43724s
 220755 186386  170.69846  180  225  499.50000   53.64300  89.3%  1295 43798s
 221225 186786  217.95207  108  231  499.50000   53.68636  89.3%  1294 43870s
 221571 187059  221.92398   65  193  499.50000   53.75000  89.2%  1294 43947s
 221980 187388   95.28625   89  271  499.50000   53.75000  89.2%  1294 44026s
 222523 187865  194.75000   55  322  499.50000   53.84418  89.2%  1293 44106s
 222822 188122  457.41667  139  217  499.50000   53.84418  89.2%  1294 44185s
 223311 188520   54.97708   37  436  499.50000   53.90304  89.2%  1294 44257s
 223454 188636  199.71667   46  308  499.50000   53.92032  89.2%  1294 44335s
 223853 188984  193.87007   48  271  499.50000   53.94458  89.2%  1294 44413s
 224200 189278  458.55146  140  259  499.50000   53.94474  89.2%  1295 44489s
 224507 189548  129.87094  105  372  499.50000   53.94474  89.2%  1295 44570s
 224882 189842  152.92963   99  386  499.50000   53.94474  89.2%  1296 44651s
 225185 190103  146.95947   53  341  499.50000   53.94474  89.2%  1296 44742s
 225563 190440  256.44474   67  339  499.50000   53.95000  89.2%  1296 44828s
 225919 190742  119.20175   53  457  499.50000   53.95110  89.2%  1297 44907s
 226450 191196  149.53056   98  361  499.50000   54.00000  89.2%  1296 44987s
 226882 191553  329.15000  171  138  499.50000   54.07252  89.2%  1297 45064s
 227427 191998  114.11786   96  222  499.50000   54.07941  89.2%  1297 45137s
 227893 192434  170.68219  177  214  499.50000   54.13971  89.2%  1298 45211s
 228406 192847 infeasible  124       499.50000   54.18859  89.2%  1298 45291s
 228975 193328  101.73333  150  179  499.50000   54.19846  89.1%  1298 45374s
 229475 193765  104.48376   60  449  499.50000   54.20281  89.1%  1298 45454s
 229956 194159  211.79775  129  264  499.50000   54.22632  89.1%  1298 45540s
 230390 194544  171.70833  128  159  499.50000   54.24115  89.1%  1298 45632s
 230757 194865  111.48611  147  117  499.50000   54.24115  89.1%  1298 45717s
 231243 195281  330.01548  187  177  499.50000   54.26316  89.1%  1299 45804s
 231600 195583  486.37684  158  255  499.50000   54.26316  89.1%  1299 45884s
 231995 195861   55.19375   31  416  499.50000   54.26316  89.1%  1300 45962s
 232414 196229  363.75356  164  269  499.50000   54.26316  89.1%  1301 46039s
 232941 196655  174.59649  113  174  499.50000   54.41391  89.1%  1301 46120s
 233394 197033  237.62500   74  345  499.50000   54.44145  89.1%  1300 46197s
 233883 197480  151.65117   85  347  499.50000   54.44145  89.1%  1300 46275s
 234397 197938   60.92398   67  352  499.50000   54.48995  89.1%  1299 46355s
 234875 198329  119.74287   45  422  499.50000   54.52581  89.1%  1300 46438s
 235453 198803  104.50175   69  344  499.50000   54.52740  89.1%  1300 46518s
 236015 199317  247.14575  114  264  499.50000   54.62080  89.1%  1299 46603s
 236547 199776  168.98327  123  306  499.50000   54.67570  89.1%  1299 46686s
 236970 200121  227.04353   68  316  499.50000   54.67570  89.1%  1299 46769s
 237460 200559  103.58337   32  406  499.50000   54.70000  89.0%  1299 46867s
 237828 200887   82.06667   26  743  499.50000   54.70000  89.0%  1299 46947s
 238224 201248  429.85769  140  142  499.50000   54.70000  89.0%  1299 47026s
 238572 201535  250.98039   82  260  499.50000   54.70526  89.0%  1300 47102s
 239065 201948  133.70000   35  390  499.50000   54.75000  89.0%  1299 47183s
 239474 202299  218.75000   48  256  499.50000   54.75000  89.0%  1299 47265s
 239937 202705  130.28065   68  391  499.50000   54.75000  89.0%  1299 47349s
 240382 203098  145.37461  108  298  499.50000   54.75000  89.0%  1299 47437s
 240863 203526   71.42981   49  435  499.50000   54.76114  89.0%  1299 47516s
 241153 203745  200.76471   84  198  499.50000   54.77065  89.0%  1300 47597s
 241509 204062   63.35653   44  427  499.50000   54.77065  89.0%  1301 47679s
 241904 204412  169.87164   82  251  499.50000   54.79375  89.0%  1302 47756s
 242348 204809  223.51023   66  295  499.50000   54.79375  89.0%  1303 47838s
 242871 205256  280.43056  121  162  499.50000   54.83248  89.0%  1303 47919s
 243373 205703  204.74386  110  208  499.50000   54.88004  89.0%  1303 48003s
 243852 206098  249.65789   69  288  499.50000   54.89737  89.0%  1303 48091s
 244273 206482     cutoff  175       499.50000   54.89737  89.0%  1303 48171s
 244807 206928   61.38791   66  289  499.50000   54.97708  89.0%  1303 48251s
 245435 207462  136.22105   77  338  499.50000   55.00000  89.0%  1302 48330s
 245793 207762   95.44444   56  428  499.50000   55.00000  89.0%  1302 48411s
 246276 208197  247.00000  185  193  499.50000   55.00000  89.0%  1302 48492s
 246714 208604  330.69194  116  232  499.50000   55.02009  89.0%  1302 48575s
 247147 208971  271.74510  138  171  499.50000   55.05526  89.0%  1302 48649s
 247606 209343  127.42838   72  382  499.50000   55.05526  89.0%  1301 48726s
 248034 209735  247.78333   71  271  499.50000   55.05526  89.0%  1301 48803s
 248436 210034  250.78333  117  136  499.50000   55.05526  89.0%  1302 48879s
 248849 210393  370.96749  194  279  499.50000   55.05526  89.0%  1302 48957s
 249303 210784  118.70000  133  375  499.50000   55.05526  89.0%  1303 49037s
 249758 211176  241.72778   74  277  499.50000   55.07007  89.0%  1303 49121s
 250134 211533  358.41215  167  221  499.50000   55.09341  89.0%  1303 49198s
 250579 211909  220.75208  112  203  499.50000   55.17650  89.0%  1303 49276s
 250986 212233  297.06242   87  331  499.50000   55.19375  89.0%  1304 49353s
 251462 212640  419.29035  133  190  499.50000   55.19375  89.0%  1304 49431s
 251973 213091  271.69524  137  289  499.50000   55.22533  88.9%  1304 49513s
 252332 213384  238.53999   78  325  499.50000   55.22533  88.9%  1304 49590s
 252949 213944  226.19780   74  371  499.50000   55.22533  88.9%  1304 49665s
 253454 214380  219.10559   86  323  499.50000   55.27056  88.9%  1304 49740s
 253960 214823  282.20175   60  358  499.50000   55.28509  88.9%  1304 49822s
 254471 215223  196.36842   58  306  499.50000   55.31121  88.9%  1304 49907s
 254836 215535  287.33889  134  192  499.50000   55.32128  88.9%  1304 49985s
 255535 216164   95.30984   37  368  499.50000   55.37374  88.9%  1303 50062s
 255919 216474  141.24183   70  260  499.50000   55.40395  88.9%  1304 50141s
 256408 216891   93.22222   69  263  499.50000   55.41268  88.9%  1304 50224s
 256723 217196  301.16786  143  243  499.50000   55.41268  88.9%  1304 50310s
 257170 217568  162.86842   33  421  499.50000   55.44737  88.9%  1304 50388s
 257576 217941  217.29699   60  367  499.50000   55.44737  88.9%  1304 50464s
 257920 218208  226.14103   85  283  499.50000   55.44737  88.9%  1306 50538s
 258461 218629     cutoff  139       499.50000   55.50000  88.9%  1306 50622s
 258847 218973  254.02500  120  273  499.50000   55.50000  88.9%  1307 50703s
 259363 219393     cutoff  167       499.50000   55.50000  88.9%  1307 50780s
 259756 219714  304.33611  120  328  499.50000   55.51941  88.9%  1308 50856s
 260237 220089  432.78801  104  239  499.50000   55.51941  88.9%  1309 50936s
 260708 220474  160.63386  122  320  499.50000   55.51941  88.9%  1309 51013s
 261201 220888  221.90499  115  322  499.50000   55.53725  88.9%  1309 51085s
 261657 221279  116.59967   52  302  499.50000   55.53725  88.9%  1309 51161s
 262083 221642  173.18248  103  305  499.50000   55.65523  88.9%  1310 51241s
 262546 222023  226.32895   46  219  499.50000   55.66842  88.9%  1310 51313s
 263070 222495  330.14429  104  268  499.50000   55.66842  88.9%  1310 51494s
 263603 222933   57.79776   36  560  499.50000   55.66842  88.9%  1311 51571s
 263986 223256  301.16842   73  260  499.50000   55.66842  88.9%  1311 51646s
 264340 223592  383.33968   94  271  499.50000   55.66842  88.9%  1311 51720s
 264815 224000  228.71230   96  261  499.50000   55.69577  88.8%  1311 51796s
 265218 224350  218.48889  116  174  499.50000   55.75731  88.8%  1311 51870s
 265735 224811   65.42398   71  325  499.50000   55.78173  88.8%  1312 51947s
 266275 225292  248.15593  112  313  499.50000   55.78173  88.8%  1312 52026s
 266911 225892     cutoff  156       499.50000   55.82521  88.8%  1311 52101s
 267558 226479  283.83940  136  237  499.50000   55.82521  88.8%  1310 52175s
 268050 226885  172.04788   75  369  499.50000   55.82521  88.8%  1310 52248s
 268509 227296  427.35470  116  245  499.50000   55.82521  88.8%  1311 52321s
 269141 227844  100.67936   42  494  499.50000   55.93849  88.8%  1310 52402s
 269510 228129  441.18679   88  272  499.50000   56.00000  88.8%  1311 52481s
 269922 228499  184.84423  135  193  499.50000   56.03026  88.8%  1311 52567s
 270194 228721  134.83333   68  136  499.50000   56.03026  88.8%  1311 52648s
 270436 228948  134.83333   82  144  499.50000   56.03026  88.8%  1312 52725s
 270704 229163  143.13333   97  217  499.50000   56.03026  88.8%  1312 52806s
 271098 229526  148.66667  117  178  499.50000   56.03026  88.8%  1313 52888s
 271336 229757  289.08832  154  197  499.50000   56.03026  88.8%  1314 52971s
 271671 230058  298.07131  228  225  499.50000   56.20175  88.7%  1314 53050s
 272330 230575  314.43860   68  195  499.50000   56.20175  88.7%  1314 53134s
 272654 230841  403.93860  123  164  499.50000   56.20175  88.7%  1314 53215s
 273098 231211  198.42367   96  330  499.50000   56.21053  88.7%  1314 53296s
 273483 231528   70.50000   54  393  499.50000   56.21053  88.7%  1315 53374s
 273840 231817  198.88304   69  214  499.50000   56.21053  88.7%  1315 53453s
 274321 232222  294.44258  160  237  499.50000   56.24770  88.7%  1315 53535s
 274690 232532   87.20486   40  421  499.50000   56.26142  88.7%  1316 53613s
 275256 233028  349.74386  108  220  499.50000   56.36260  88.7%  1315 53692s
 275710 233409  164.12353   61  372  499.50000   56.37270  88.7%  1315 53774s
 276212 233851   68.72065   27  440  499.50000   56.37935  88.7%  1315 53851s
 276627 234217  287.27895   52  322  499.50000   56.42105  88.7%  1315 53930s
 277100 234642  155.84118  110  404  499.50000   56.42292  88.7%  1315 54011s
 277557 235022  422.14152  160  179  499.50000   56.43791  88.7%  1315 54093s
 277920 235325  169.50221   61  328  499.50000   56.43791  88.7%  1316 54171s
 278285 235649  202.87258   85  256  499.50000   56.43791  88.7%  1316 54251s
 278663 235984  271.26920  111  302  499.50000   56.51267  88.7%  1317 54328s
 279090 236324  160.27124   92  239  499.50000   56.54971  88.7%  1317 54409s
 279501 236683  140.14148   89  299  499.50000   56.54971  88.7%  1317 54491s
 280021 237119  287.04971   85  179  499.50000   56.54971  88.7%  1317 54573s
 280339 237403  262.54971   94  245  499.50000   56.54971  88.7%  1317 54652s
 280672 237686  150.89938   64  321  499.50000   56.58596  88.7%  1318 54729s
 281113 238045  349.60621  102  222  499.50000   56.60526  88.7%  1318 54810s
 281594 238476   85.93860   96  204  499.50000   56.60526  88.7%  1318 54889s
 282164 238993  305.50000   89   62  499.50000   56.60526  88.7%  1317 54971s
 282451 239223  145.58791   76  156  499.50000   56.72917  88.6%  1318 55046s
 282784 239516  197.60526   40  317  499.50000   56.72917  88.6%  1318 55132s
 283057 239780  197.60526   57  152  499.50000   56.72917  88.6%  1319 55214s
 283343 240012  197.60526   65  199  499.50000   56.72917  88.6%  1319 55298s
 283754 240387  262.27193   86  162  499.50000   56.72917  88.6%  1319 55378s
 284149 240758  262.27193   99  217  499.50000   56.72917  88.6%  1319 55454s
 284187 240758  262.27193  118  175  499.50000   56.72917  88.6%  1319 55455s
 284626 241190  262.27193  121  162  499.50000   56.72917  88.6%  1319 55531s
 285088 241555  262.27193  135  177  499.50000   56.77193  88.6%  1319 55602s
 285552 241915  272.86397   23  192  499.50000   56.77193  88.6%  1319 55680s
 286035 242329  320.63333  114  199  499.50000   56.81548  88.6%  1319 55762s
 286418 242662  395.51462   76  343  499.50000   56.90648  88.6%  1319 55842s
 286827 242994  392.11311   60  340  499.50000   56.93015  88.6%  1319 55924s
 287155 243293  351.93185  131  287  499.50000   56.93965  88.6%  1319 56002s
 287710 243760  399.27773   70  273  499.50000   57.00000  88.6%  1319 56088s
 288082 244055   79.43505   40  459  499.50000   57.07464  88.6%  1319 56172s
 288604 244491  165.58333  109  207  499.50000   57.10526  88.6%  1319 56261s
 289001 244862  227.43947   83  369  499.50000   57.10526  88.6%  1319 56340s
 289481 245244  338.07843   95  207  499.50000   57.10526  88.6%  1319 56421s
 289953 245654  203.96491   84  227  499.50000   57.14035  88.6%  1319 56500s
 290495 246139  308.65476  202  168  499.50000   57.18825  88.6%  1318 56578s
 291075 246639  323.46316  140  160  499.50000   57.23736  88.5%  1318 56660s
 291641 247101  390.65954  142  235  499.50000   57.25303  88.5%  1318 56743s
 292287 247669  234.31944  102  171  499.50000   57.26144  88.5%  1317 56825s
 292703 248011  188.26144   56  314  499.50000   57.26144  88.5%  1317 56903s
 293164 248412  258.87361  145  290  499.50000   57.26144  88.5%  1317 56978s
 293623 248794  150.78081  135  199  499.50000   57.27621  88.5%  1317 57054s
 294043 249172  360.98105  116  280  499.50000   57.27621  88.5%  1318 57133s
 294644 249669  409.75146  101  298  499.50000   57.30000  88.5%  1317 57212s
 294986 249972   69.69689   27  533  499.50000   57.30000  88.5%  1317 57290s
 295406 250320  399.08990   71  317  499.50000   57.30000  88.5%  1317 57372s
 295756 250574  220.65104   27  320  499.50000   57.30000  88.5%  1318 57453s
 295993 250788  153.75687   27  479  499.50000   57.30000  88.5%  1318 57531s
 296657 251371 infeasible  165       499.50000   57.39697  88.5%  1317 57607s
 296934 251618  198.30387   54  339  499.50000   57.41743  88.5%  1318 57684s
 297354 251972  226.24035   55  290  499.50000   57.41743  88.5%  1318 57761s
 297834 252372  278.40308   96  374  499.50000   57.42500  88.5%  1319 57835s
 298333 252807  318.57562  108  352  499.50000   57.42500  88.5%  1320 57910s
 298795 253193  269.92308  117  246  499.50000   57.50263  88.5%  1320 57983s
 299348 253659  219.83596   46  321  499.50000   57.50729  88.5%  1319 58060s
 299779 253966  181.51807   72  420  499.50000   57.52289  88.5%  1319 58140s
 300136 254285  196.91818  124  256  499.50000   57.52289  88.5%  1320 58220s
 300608 254689  190.25775   66  372  499.50000   57.53333  88.5%  1320 58302s
 301086 255057  160.29762   87  241  499.50000   57.53333  88.5%  1320 58385s
 301554 255478  232.97855   89  352  499.50000   57.55106  88.5%  1320 58467s
 302040 255914   57.56316   29  389  499.50000   57.55106  88.5%  1320 58549s
 302320 256150   91.39649   40  439  499.50000   57.56316  88.5%  1321 58626s
 302759 256545  401.57241   95  273  499.50000   57.56316  88.5%  1321 58706s
 303108 256853  223.66582   48  380  499.50000   57.59232  88.5%  1321 58783s
 303672 257357  378.36667   66  324  499.50000   57.64444  88.5%  1320 58859s
 304167 257777  418.44998  128  276  499.50000   57.67216  88.5%  1320 58937s
 304596 258139  205.30719   98  305  499.50000   57.79375  88.4%  1321 59016s
 304892 258403  248.28206  123  314  499.50000   57.79375  88.4%  1321 59092s
 305324 258768  228.11180  152  274  499.50000   57.79668  88.4%  1322 59168s
 305692 259086  125.53537   45  425  499.50000   57.83333  88.4%  1322 59242s
 306254 259532  180.66842   77  307  499.50000   57.87403  88.4%  1322 59321s
 306868 260031  429.63333  169  208  499.50000   57.87403  88.4%  1321 59399s
 307308 260405  282.37698  177  166  499.50000   57.87719  88.4%  1321 59473s
 307891 260927  430.16316  148  234  499.50000   57.88889  88.4%  1321 59551s
 308304 261271  246.83333   34  197  499.50000   57.88889  88.4%  1321 59635s
 308483 261448  283.16667   85  106  499.50000   57.88889  88.4%  1321 59714s
 308877 261828  262.22222   78  243  499.50000   57.88889  88.4%  1321 59796s
 309199 262077  108.88889   33  242  499.50000   57.90000  88.4%  1321 59879s
 309453 262298  169.55556   93  260  499.50000   57.90000  88.4%  1322 59957s
 309795 262613  403.58333  198  114  499.50000   57.99342  88.4%  1322 60031s
 310231 262992  186.95760  100  238  499.50000   57.99342  88.4%  1322 60104s
 310805 263480  245.56785  104  338  499.50000   57.99812  88.4%  1322 60179s
 311316 263907  185.68860  125  326  499.50000   58.08333  88.4%  1322 60258s
 311790 264323  129.20588  111  347  499.50000   58.09797  88.4%  1322 60333s
 312316 264798  271.17106  111  216  499.50000   58.10781  88.4%  1321 60411s
 312709 265115  123.18763   88  447  499.50000   58.11842  88.4%  1321 60487s
 313103 265457  207.96098  100  261  499.50000   58.11842  88.4%  1322 60564s
 313623 265929  232.72618  129  288  499.50000   58.14035  88.4%  1322 60640s
 314006 266254   91.96491   67  233  499.50000   58.14035  88.4%  1322 60716s
 314479 266640  200.36842   59  170  499.50000   58.14035  88.4%  1322 60790s
 315081 267143  487.47083  169  160  499.50000   58.14035  88.4%  1322 60865s
 315699 267665  374.82573  115  242  499.50000   58.23166  88.3%  1321 60941s
 316192 268087  491.99254  144  236  499.50000   58.25000  88.3%  1321 61022s
 316570 268420  473.57308  135  141  499.50000   58.25000  88.3%  1321 61106s
 316852 268658  114.90000   36  327  499.50000   58.25000  88.3%  1321 61184s
 317143 268924  284.73684   52  233  499.50000   58.25000  88.3%  1322 61261s
 317620 269320  151.15351   69  224  499.50000   58.25000  88.3%  1322 61336s
 318213 269836  151.15351   90  293  499.50000   58.37611  88.3%  1322 61409s
 318730 270255  215.76716   40  407  499.50000   58.38801  88.3%  1322 61488s
 319103 270578  264.36842   76  231  499.50000   58.38801  88.3%  1322 61561s
 319713 271123  230.31282   75  269  499.50000   58.40526  88.3%  1322 61641s
 320177 271542  143.55913   77  324  499.50000   58.40526  88.3%  1322 61719s
 320724 272035  140.19677   69  259  499.50000   58.40526  88.3%  1321 61797s
 321111 272397  187.31434   63  255  499.50000   58.40526  88.3%  1321 61875s
 321560 272786  279.45686  130  192  499.50000   58.40526  88.3%  1321 61953s
 321990 273148  261.74444   83  173  499.50000   58.45029  88.3%  1321 62027s
 322414 273466  252.58497   72  228  499.50000   58.45029  88.3%  1321 62104s
 322833 273808  328.10000  105   68  499.50000   58.48819  88.3%  1322 62182s
 323230 274122  109.63779   32  418  499.50000   58.48819  88.3%  1322 62262s
 323734 274564  103.42876   38  338  499.50000   58.48819  88.3%  1322 62339s
 324246 274955  228.06354  134  264  499.50000   58.53626  88.3%  1322 62415s
 324748 275323  266.78509   83  168  499.50000   58.53947  88.3%  1322 62489s
 325199 275714  226.03947   57  303  499.50000   58.53947  88.3%  1322 62564s
 325727 276187  204.53947   79  291  499.50000   58.58333  88.3%  1322 62645s
 326157 276577  413.36638  124  122  499.50000   58.58333  88.3%  1321 62723s
 326487 276870  199.77456   42  286  499.50000   58.58333  88.3%  1321 62796s
 326907 277261  233.91667   81  251  499.50000   58.59038  88.3%  1321 62875s
 327269 277536  221.51038   63  283  499.50000   58.60789  88.3%  1321 62950s
 327758 277950  220.94123   56  227  499.50000   58.67187  88.3%  1321 63028s
 328123 278252  488.44853  173  193  499.50000   58.68581  88.3%  1321 63105s
 328461 278561  486.58553  121  222  499.50000   58.71132  88.2%  1321 63181s
 329042 279019  226.49020   70  288  499.50000   58.71930  88.2%  1321 63253s
 329502 279408   90.71930   83  324  499.50000   58.71930  88.2%  1321 63327s
 330054 279855  316.83333  133  143  499.50000   58.73264  88.2%  1320 63403s
 330429 280193  143.54701   70  203  499.50000   58.73264  88.2%  1320 63477s
 330936 280624  203.14815   92  241  499.50000   58.74481  88.2%  1320 63549s
 331382 281010  193.78182  102  283  499.50000   58.74481  88.2%  1320 63622s
 331904 281446  147.92120   74  325  499.50000   58.74481  88.2%  1321 63693s
 332285 281747  279.87414  112  274  499.50000   58.75526  88.2%  1321 63771s
 332809 282202  154.20221   49  197  499.50000   58.75526  88.2%  1321 63846s
 333313 282645  185.21053   67  221  499.50000   58.77497  88.2%  1321 63924s
 333796 283059  199.75526   66  215  499.50000   58.77497  88.2%  1321 63998s
 334287 283481  464.07051  175  157  499.50000   58.79532  88.2%  1321 64073s
 334830 283912  473.50965  137  157  499.50000   58.80279  88.2%  1320 64145s
 335363 284358  196.84976   57  344  499.50000   58.82456  88.2%  1320 64217s
 335792 284722  205.24074   49  301  499.50000   58.82456  88.2%  1321 64290s
 336250 285127  304.08889  133  252  499.50000   58.85275  88.2%  1321 64364s
 336738 285521  454.41667  124  193  499.50000   58.88889  88.2%  1320 64438s
 337265 285987  124.32693  107  276  499.50000   58.88889  88.2%  1320 64519s
 337653 286341  279.71026  113  243  499.50000   58.95000  88.2%  1320 64591s
 338159 286736  209.74706  108  252  499.50000   58.95000  88.2%  1321 64670s
 338563 287087  246.57937   51  220  499.50000   58.98739  88.2%  1321 64745s
 339107 287564  265.67976  173  286  499.50000   58.99415  88.2%  1320 64819s
 339446 287853  368.13615   61  287  499.50000   58.99415  88.2%  1320 64893s
 339936 288235  399.03509   92  254  499.50000   58.99415  88.2%  1320 64968s
 340340 288578  412.60671  122  316  499.50000   59.09649  88.2%  1320 65045s
 340846 289025  201.19024   44  323  499.50000   59.10526  88.2%  1320 65122s
 341343 289463  398.95100  124  368  499.50000   59.10526  88.2%  1320 65199s
 341934 289948  380.98824  143  250  499.50000   59.14200  88.2%  1320 65283s
 342356 290305  186.89310  186  245  499.50000   59.14731  88.2%  1320 65361s
 342770 290650  163.73203  126  264  499.50000   59.16879  88.2%  1320 65439s
 343289 291059  126.53844   44  431  499.50000   59.19298  88.1%  1320 65516s
 343803 291486     cutoff   60       499.50000   59.19298  88.1%  1320 65595s
 344354 291896   99.01689   54  348  499.50000   59.22549  88.1%  1319 65673s
 344775 292251   69.38596   65  244  499.50000   59.22549  88.1%  1320 65750s
 345345 292737  313.63498  171  329  499.50000   59.22763  88.1%  1319 65828s
 346008 293318  148.21404  112  223  499.50000   59.28730  88.1%  1318 65905s
 346542 293773  137.78297  105  374  499.50000   59.32026  88.1%  1318 65982s
 346967 294161  134.39314  158  215  499.50000   59.32565  88.1%  1318 66059s
 347468 294593  236.09876   62  400  499.50000   59.34503  88.1%  1318 66133s
 347909 294988  218.97293   71  266  499.50000   59.36842  88.1%  1319 66210s
 348330 295326  458.41948  166  188  499.50000   59.37640  88.1%  1319 66289s
 348737 295654  204.66582  156  320  499.50000   59.38596  88.1%  1319 66368s
 349155 296020  205.56493   42  457  499.50000   59.43076  88.1%  1319 66451s
 349607 296407  355.95567   62  392  499.50000   59.44905  88.1%  1319 66529s
 349994 296684  166.31287   79  324  499.50000   59.44905  88.1%  1319 66607s
 350296 296960   79.78239   75  334  499.50000   59.44905  88.1%  1319 66684s
 350738 297345  222.67712   68  331  499.50000   59.44905  88.1%  1319 66759s
 351102 297648  202.20000   89  324  499.50000   59.51435  88.1%  1320 66837s
 351546 297988  203.14500   71  550  499.50000   59.57104  88.1%  1320 66914s
 351834 298235  135.49183   90  178  499.50000   59.57104  88.1%  1321 66997s
 352250 298598  187.53595   50  286  499.50000   59.57104  88.1%  1321 67074s
 352664 298942 infeasible  141       499.50000   59.59731  88.1%  1321 67150s
 353151 299336  203.32843   65  259  499.50000   59.65000  88.1%  1321 67225s
 353657 299786  123.82680   88  202  499.50000   59.66842  88.1%  1321 67300s
 354186 300251  385.64286  136  117  499.50000   59.69231  88.0%  1321 67374s
 354642 300626  200.44524   96  257  499.50000   59.75731  88.0%  1321 67446s
 355122 301047  314.48039   96  350  499.50000   59.75731  88.0%  1322 67518s
 355659 301473  428.16667  126   66  499.50000   59.78934  88.0%  1322 67594s
 356016 301778   81.26515   46  315  499.50000   59.83333  88.0%  1322 67671s
 356398 302128  223.00000   69   94  499.50000   59.83333  88.0%  1322 67746s
 356792 302442  202.17495   59  418  499.50000   59.85547  88.0%  1322 67822s
 357254 302831  464.61422  131  272  499.50000   59.85569  88.0%  1322 68041s
 357641 303160   65.26142   42  547  499.50000   59.86842  88.0%  1322 68116s
 358016 303526  137.59649  109  255  499.50000   59.86842  88.0%  1322 68190s
 358379 303816  151.59649   57  296  499.50000   59.87636  88.0%  1322 68262s
 358903 304267  229.94498   64  206  499.50000   59.91138  88.0%  1322 68342s
 359314 304613  211.55993  100  255  499.50000   59.94079  88.0%  1322 68422s
 359764 305011  200.55033   66  321  499.50000   59.95000  88.0%  1322 68501s
 360045 305250  188.47587   26  470  499.50000   59.95000  88.0%  1322 68572s
 360261 305445  211.00183   36  413  499.50000   59.95000  88.0%  1322 68650s
 360697 305830  239.46667   39  302  499.50000   59.97270  88.0%  1322 68726s
 361139 306214  186.15043   26  427  499.50000   59.97270  88.0%  1322 68802s
 361495 306504  312.27490   76  313  499.50000   60.00084  88.0%  1322 68876s
 361960 306896  186.43586   49  309  499.50000   60.02924  88.0%  1322 68950s
 362418 307279  164.26743   47  354  499.50000   60.04482  88.0%  1322 69022s
 362938 307716  148.70172   52  322  499.50000   60.05531  88.0%  1322 69107s
 363416 308136  293.34565  114  197  499.50000   60.05556  88.0%  1322 69183s
 363833 308486  397.00000  102  130  499.50000   60.05556  88.0%  1322 69257s
 364218 308834  316.85000   81  166  499.50000   60.08971  88.0%  1322 69333s
 364681 309217  389.35553   85  302  499.50000   60.10526  88.0%  1322 69409s
 365168 309616  192.85380   47  308  499.50000   60.13174  88.0%  1322 69482s
 365564 309948  186.13176   28  318  499.50000   60.13176  88.0%  1322 69562s
 366048 310388  110.22551   27  407  499.50000   60.14573  88.0%  1322 69642s
 366507 310810  211.67492   47  322  499.50000   60.15000  88.0%  1322 69717s
 366843 311103  230.98889   87  255  499.50000   60.16667  88.0%  1322 69794s
 367134 311353  171.78431   38  160  499.50000   60.16667  88.0%  1322 69876s
 367387 311600  165.96528   53  241  499.50000   60.16667  88.0%  1322 69951s
 367797 311995  194.14035  134  283  499.50000   60.16667  88.0%  1322 70025s
 368280 312421  186.16667   45  221  499.50000   60.16667  88.0%  1322 70102s
 368674 312699  246.83333  119  216  499.50000   60.21489  87.9%  1323 70177s
 369234 313185  310.35965   32  286  499.50000   60.22726  87.9%  1322 70254s
 369847 313696   60.25731   63  299  499.50000   60.25731  87.9%  1322 70329s
 370242 314028  178.02297  187  213  499.50000   60.25731  87.9%  1322 70407s
 370699 314447  305.13611  147  149  499.50000   60.25731  87.9%  1322 70483s
 371130 314816  242.25731  120  200  499.50000   60.25817  87.9%  1322 70557s
 371560 315161  289.09150   57  308  499.50000   60.25817  87.9%  1322 70633s
 372161 315727  248.50833   77  199  499.50000   60.26343  87.9%  1322 70715s
 372688 316160  108.44550   43  403  499.50000   60.31842  87.9%  1322 70788s
 373214 316631  112.41217   40  327  499.50000   60.31842  87.9%  1322 70862s
 373721 317091  433.64035   51  231  499.50000   60.39022  87.9%  1322 70935s
 374244 317488  281.15848   73  225  499.50000   60.39375  87.9%  1322 71006s
 374715 317900  166.70000   44  258  499.50000   60.42185  87.9%  1323 71082s
 375197 318332     cutoff   92       499.50000   60.47368  87.9%  1323 71162s
 375647 318693  140.08333   37  266  499.50000   60.47368  87.9%  1323 71238s
 376040 319039  330.73829  143  309  499.50000   60.50175  87.9%  1323 71319s
 376552 319469  253.56637   25  382  499.50000   60.54971  87.9%  1323 71393s
 377007 319837   62.04078   43  513  499.50000   60.54971  87.9%  1323 71470s
 377401 320180  167.63333  119  250  499.50000   60.54971  87.9%  1323 71547s
 377771 320514  214.95820   74  270  499.50000   60.54971  87.9%  1323 71623s
 378141 320845  165.21637   55  262  499.50000   60.57884  87.9%  1323 71699s
 378508 321168  185.30526   32  250  499.50000   60.58333  87.9%  1323 71775s
 378967 321547  184.73333   57  172  499.50000   60.60191  87.9%  1323 71849s
 379462 321928  260.20643  100  223  499.50000   60.61579  87.9%  1323 71926s
 380105 322461   89.03509   94  257  499.50000   60.67514  87.9%  1323 72000s
 380553 322848   81.01717   25  413  499.50000   60.67514  87.9%  1323 72071s
 381031 323266  487.14929  108  271  499.50000   60.70942  87.8%  1323 72144s
 381450 323600  498.05148   99  303  499.50000   60.79372  87.8%  1323 72215s
 381847 323934  388.41932   82  376  499.50000   60.80789  87.8%  1323 72285s
 382274 324292  201.76279  135  284  499.50000   60.80789  87.8%  1324 72358s
 382876 324786  156.80789   93  264  499.50000   60.84637  87.8%  1323 72429s
 383439 325272  458.96667   92  168  499.50000   60.86572  87.8%  1323 72501s
 383856 325597  169.52895   40  317  499.50000   60.87270  87.8%  1323 72575s
 384149 325849  193.44328   59  441  499.50000   60.87270  87.8%  1324 72650s
 384493 326168  233.54282   71  306  499.50000   60.87270  87.8%  1324 72725s
 384878 326480  417.38311  114  275  499.50000   60.87675  87.8%  1324 72804s
 385364 326895  202.08231   33  304  499.50000   60.87675  87.8%  1324 72883s
 385838 327314  407.49838  153  289  499.50000   60.90523  87.8%  1324 72962s
 386343 327744  211.69180   68  371  499.50000   60.92398  87.8%  1324 73039s
 386585 327931  223.61690   33  449  499.50000   60.92398  87.8%  1324 73112s
 386856 328158  298.82063   73  272  499.50000   60.93736  87.8%  1325 73186s
 387286 328509  195.15972  104  253  499.50000   60.96315  87.8%  1325 73262s
 387751 328895  118.55000   48  299  499.50000   60.97368  87.8%  1325 73339s
 388213 329297  188.55278  161  244  499.50000   60.99379  87.8%  1325 73415s
 388602 329603  253.85348   53  320  499.50000   60.99726  87.8%  1325 73490s
 389035 329971  221.43464   55  299  499.50000   61.03513  87.8%  1325 73563s
 389493 330372   62.09400   18  323  499.50000   61.05181  87.8%  1326 73638s
 389835 330651   70.18158   75  360  499.50000   61.11790  87.8%  1326 73719s
 390186 330976  171.61887  113  250  499.50000   61.13158  87.8%  1326 73794s
 390539 331274  219.13158   55  247  499.50000   61.13158  87.8%  1326 73887s
 390910 331596  187.80658   27  447  499.50000   61.13158  87.8%  1326 73962s
 391327 331949  476.98158  126  191  499.50000   61.19350  87.7%  1326 74038s
 391597 332191  114.46292   32  449  499.50000   61.19350  87.7%  1326 74132s
 391976 332523  207.26555   80  372  499.50000   61.22678  87.7%  1327 74208s
 392416 332840  146.52083  116  299  499.50000   61.26296  87.7%  1327 74281s
 392905 333209  146.51930   25  320  499.50000   61.28307  87.7%  1327 74356s
 393489 333714  172.51667   68  206  499.50000   61.30971  87.7%  1326 74430s
 393967 334143  301.16844   57  363  499.50000   61.32865  87.7%  1326 74501s
 394512 334614  407.74356  143  325  499.50000   61.37261  87.7%  1326 74574s
 394969 335016  278.81373  127  204  499.50000   61.38791  87.7%  1326 74647s
 395508 335479  449.05412  133  253  499.50000   61.44492  87.7%  1326 74717s
 395874 335805  170.63158   40  295  499.50000   61.45601  87.7%  1327 74788s
 396283 336133  170.63158   50  258  499.50000   61.45601  87.7%  1327 74866s
 396680 336469  196.40936   67  195  499.50000   61.45601  87.7%  1327 74939s
 397038 336756  382.24825  111  221  499.50000   61.45601  87.7%  1328 75012s
 397531 337174   77.75397   36  338  499.50000   61.46637  87.7%  1328 75087s
 398020 337606  142.93375   68  357  499.50000   61.47712  87.7%  1327 75162s
 398506 338034  187.46637   38  341  499.50000   61.50000  87.7%  1328 75239s
 399049 338494  143.33333   43  218  499.50000   61.53333  87.7%  1327 75315s
 399502 338855   85.65598   54  312  499.50000   61.57895  87.7%  1327 75393s
 399825 339135  166.14583  145  230  499.50000   61.57895  87.7%  1327 75471s
 400172 339456  386.57895   58  240  499.50000   61.57895  87.7%  1328 75546s
 400511 339751  189.24561   40  197  499.50000   61.57895  87.7%  1328 75623s
 400947 340143  202.07895   26  310  499.50000   61.57895  87.7%  1328 75697s
 401444 340579  187.57895   24  212  499.50000   61.58824  87.7%  1327 75773s
 401838 340941  235.34630  146  331  499.50000   61.58824  87.7%  1327 75852s
 402410 341466  353.29114  153  271  499.50000   61.59590  87.7%  1327 75927s
 402851 341868  127.65950   66  218  499.50000   61.59590  87.7%  1327 76004s
 403153 342113  182.18544   85  280  499.50000   61.59590  87.7%  1327 76081s
 403473 342396  229.87121  110  206  499.50000   61.59590  87.7%  1327 76156s
 403967 342827  288.10271  143  228  499.50000   61.70000  87.6%  1327 76231s
 404390 343198  202.88562   80  278  499.50000   61.70000  87.6%  1327 76306s
 404768 343526  242.82462  172  162  499.50000   61.70526  87.6%  1328 76379s
 405263 343991  283.56765  179  211  499.50000   61.70526  87.6%  1327 76453s
 405757 344389  100.76471   95  252  499.50000   61.77368  87.6%  1327 76524s
 406237 344783  466.23013  125  257  499.50000   61.77368  87.6%  1327 76597s
 406815 345287  140.35131   50  275  499.50000   61.78906  87.6%  1327 76669s
 407415 345804  234.35131   85  245  499.50000   61.80000  87.6%  1327 76742s
 408002 346298  211.25492   63  299  499.50000   61.85054  87.6%  1327 76813s
 408553 346754  173.03509   82  189  499.50000   61.86257  87.6%  1327 76887s
 409301 347423  481.59483  136  276  499.50000   61.87406  87.6%  1326 76959s
 409861 347856  256.41319   79  191  499.50000   61.89474  87.6%  1326 77038s
 410271 348213  225.12281   48  213  499.50000   61.89474  87.6%  1326 77107s
 410456 348382  296.97076  123  204  499.50000   61.89474  87.6%  1326 77179s
 410877 348753  172.21637   93  294  499.50000   61.89474  87.6%  1326 77253s
 411285 349123  285.55556  116  260  499.50000   61.91292  87.6%  1326 77325s
 411719 349460  414.21637   96  261  499.50000   61.92191  87.6%  1326 77399s
 412203 349880  121.72708   27  397  499.50000   61.99590  87.6%  1326 77471s
 412676 350234   98.91830   77  276  499.50000   62.01389  87.6%  1326 77563s
 413042 350539  187.10819   40  465  499.50000   62.02313  87.6%  1326 77637s
 413561 351006  120.83361   93  369  499.50000   62.02313  87.6%  1326 77710s
 414011 351373  430.71930   76  218  499.50000   62.03509  87.6%  1326 77782s
 414423 351702   63.92398   54  258  499.50000   62.06116  87.6%  1326 77856s
 414787 352005  270.44840   83  274  499.50000   62.08304  87.6%  1326 77930s
 415252 352413  423.08900  196  176  499.50000   62.08304  87.6%  1327 78004s
 415775 352833  230.04094   26  348  499.50000   62.09400  87.6%  1327 78079s
 416198 353181  198.65789   25  309  499.50000   62.09400  87.6%  1327 78156s
 416839 353744  497.99687  110  177  499.50000   62.14745  87.6%  1326 78232s
 417227 354073  436.61111  132  173  499.50000   62.18713  87.6%  1326 78308s
 417473 354282  133.33305   37  300  499.50000   62.18713  87.6%  1326 78381s
 417965 354728  164.27047   23  318  499.50000   62.18713  87.6%  1327 78453s
 418588 355268     cutoff  115       499.50000   62.19920  87.5%  1326 78533s
 419093 355672  109.95614   50  301  499.50000   62.20175  87.5%  1326 78611s
 419373 355907  192.55542   72  339  499.50000   62.20175  87.5%  1326 78691s
 419864 356318  261.56099  103  349  499.50000   62.25969  87.5%  1326 78769s
 420178 356612  129.44444   82  320  499.50000   62.27193  87.5%  1326 78849s
 420583 356970  101.55032   48  413  499.50000   62.27834  87.5%  1326 78922s
 421043 357338   63.19947   21  346  499.50000   62.29167  87.5%  1327 78998s
 421381 357643  148.27647   79  186  499.50000   62.31871  87.5%  1327 79071s
 421782 357987   97.43750   68  259  499.50000   62.31871  87.5%  1327 79145s
 422258 358412  160.00858  174  389  499.50000   62.31871  87.5%  1327 79218s
 422709 358768  289.45098   58  239  499.50000   62.38511  87.5%  1327 79294s
 423166 359186  171.51307   94  285  499.50000   62.38511  87.5%  1327 79368s
 423621 359569  145.13033  117  280  499.50000   62.38511  87.5%  1327 79442s
 424100 359961   70.87500   56  406  499.50000   62.43030  87.5%  1327 79518s
 424589 360338  319.13333   67  164  499.50000   62.44971  87.5%  1327 79594s
 425062 360711  101.32483   46  440  499.50000   62.47847  87.5%  1327 79669s
 425526 361115  133.27831   54  356  499.50000   62.47847  87.5%  1327 79748s
 425914 361455  276.65651   88  382  499.50000   62.49082  87.5%  1327 79822s
 426317 361793  291.87798  131  253  499.50000   62.49082  87.5%  1327 79893s
 426760 362179  224.69387   71  257  499.50000   62.52721  87.5%  1328 79966s
 427380 362684  227.05782  105  393  499.50000   62.57895  87.5%  1328 79999s

Cutting planes:
  Gomory: 5
  Cover: 196
  Implied bound: 1194
  Clique: 11
  MIR: 847
  Flow cover: 546

Explored 427642 nodes (568007379 simplex iterations) in 79999.96 seconds
Thread count was 8 (of 8 available processors)

Solve interrupted
Best objective 4.995000000000e+02, best bound 6.257894736842e+01, gap 87.4717%

Solution:
0 19 18 5 10 4 3 13 11 15 17 
1 0 0 0 0 0 0 0 1 0 0 

Cost: 499.5
Lower Bound: 62.5789
