Optimize a model with 7551 rows, 127449 columns and 386560 nonzeros
Model has 2450 quadratic objective terms
Model has 2500 quadratic constraints
Coefficient statistics:
  Matrix range    [1e+00, 1e+03]
  Objective range [0e+00, 0e+00]
  Bounds range    [1e+00, 5e+01]
  RHS range       [1e+00, 1e+04]
Presolve removed 199 rows and 7202 columns
Presolve time: 0.60s
Presolved: 473494 rows, 353293 columns, 1756027 nonzeros
Variable types: 235496 continuous, 117797 integer (117748 binary)

Root simplex log...

Iteration    Objective       Primal Inf.    Dual Inf.      Time
   51541    8.2329560e-04   5.364106e+03   0.000000e+00      5s
   73686    5.0001189e+01   1.498278e+04   0.000000e+00     10s
   83976    5.0001336e+01   9.995806e+03   0.000000e+00     15s
   87891    5.0001375e+01   2.097609e+04   0.000000e+00     21s
   91840    5.0001401e+01   7.258634e+03   0.000000e+00     25s
   98661    5.0001442e+01   8.174202e+03   0.000000e+00     30s
  104046    5.0001470e+01   7.874084e+03   0.000000e+00     35s
  109431    5.0001497e+01   9.569965e+03   0.000000e+00     40s
  113380    5.0001512e+01   7.260920e+03   0.000000e+00     45s
  117688    5.0001530e+01   1.796172e+04   0.000000e+00     50s
  121637    5.0001547e+01   1.680081e+04   0.000000e+00     55s
  125227    5.0001559e+01   1.367162e+04   0.000000e+00     60s
  127381    5.0001566e+01   1.678116e+04   0.000000e+00     65s
  130253    5.0001575e+01   1.163940e+04   0.000000e+00     70s
  133484    5.0001585e+01   8.914229e+03   0.000000e+00     75s
  137074    5.0001596e+01   2.196222e+04   0.000000e+00     80s
  140305    5.0001613e+01   1.875445e+04   0.000000e+00     85s
  142459    5.0001621e+01   2.509635e+04   0.000000e+00     90s
  144613    5.0001627e+01   8.488835e+03   0.000000e+00     95s
  147126    5.0001637e+01   7.956773e+03   0.000000e+00    101s
  148921    5.0001641e+01   7.170879e+04   0.000000e+00    106s
  150357    5.0001645e+01   4.617499e+04   0.000000e+00    111s
  152511    5.0001670e+01   4.938659e+04   0.000000e+00    116s
  154306    5.0001701e+01   3.247143e+04   0.000000e+00    121s
  155742    5.0001741e+01   8.059710e+04   0.000000e+00    125s
  157178    5.0001752e+01   2.479015e+04   0.000000e+00    131s
  158973    5.0001782e+01   6.705142e+04   0.000000e+00    136s
  160409    5.0001801e+01   1.930567e+05   0.000000e+00    140s
  161845    5.0001815e+01   1.697634e+04   0.000000e+00    146s
  162922    5.0001824e+01   2.254490e+04   0.000000e+00    150s
  164358    5.0001834e+01   1.431531e+05   0.000000e+00    156s
  165794    5.0001848e+01   5.534167e+04   0.000000e+00    161s
  167230    5.0001857e+01   5.696185e+04   0.000000e+00    166s
  168666    5.0001872e+01   7.218333e+04   0.000000e+00    171s
  170820    5.0001915e+01   9.501814e+04   0.000000e+00    176s
  172615    5.0001930e+01   3.085621e+05   0.000000e+00    182s
  174051    5.0001940e+01   5.305310e+04   0.000000e+00    186s
  175846    5.0001987e+01   9.798961e+03   0.000000e+00    191s
  178000    5.0002027e+01   3.658678e+04   0.000000e+00    196s
  179436    5.0002042e+01   2.227440e+04   0.000000e+00    201s
  181590    5.0002083e+01   6.690914e+04   0.000000e+00    205s
  183385    5.0002101e+01   2.079561e+04   0.000000e+00    210s
  184821    5.0002114e+01   1.054215e+05   0.000000e+00    215s
  188411    5.0002234e+01   1.611498e+04   0.000000e+00    221s
  190565    5.0002265e+01   4.551856e+04   0.000000e+00    226s
  192001    5.0002291e+01   5.502457e+04   0.000000e+00    231s
  193796    5.0002326e+01   3.671779e+04   0.000000e+00    236s
  195232    5.0002340e+01   1.853720e+04   0.000000e+00    241s
  197386    5.0002370e+01   1.550024e+04   0.000000e+00    245s
  199899    5.0002399e+01   2.527954e+04   0.000000e+00    250s
  203130    5.0002452e+01   4.904944e+04   0.000000e+00    255s
  204566    5.0002460e+01   4.477461e+04   0.000000e+00    261s
  206361    5.0002474e+01   1.597408e+04   0.000000e+00    267s
  207438    5.0002479e+01   2.607354e+05   0.000000e+00    271s
  208515    5.0002496e+01   6.034325e+04   0.000000e+00    275s
  209951    5.0002512e+01   5.174556e+04   0.000000e+00    280s
  211387    5.0002520e+01   9.664985e+04   0.000000e+00    286s
  212823    5.0002532e+01   7.647255e+04   0.000000e+00    292s
  213900    5.0002540e+01   8.703254e+03   0.000000e+00    295s
  215336    5.0002548e+01   4.196513e+04   0.000000e+00    301s
  217131    5.0002568e+01   3.324467e+04   0.000000e+00    305s
  218926    5.0002593e+01   1.052033e+05   0.000000e+00    311s
  221439    5.0002629e+01   6.834623e+04   0.000000e+00    317s
  222516    5.0002637e+01   3.964798e+04   0.000000e+00    320s
  223593    5.0002644e+01   9.000806e+04   0.000000e+00    325s
  225388    5.0002655e+01   1.963721e+04   0.000000e+00    331s
  226465    5.0002660e+01   4.287097e+04   0.000000e+00    335s
  227901    5.0002667e+01   4.076391e+03   0.000000e+00    341s
  230055    5.0002686e+01   3.115962e+04   0.000000e+00    346s
  231491    5.0002696e+01   3.853775e+04   0.000000e+00    351s
  232568    5.0002701e+01   1.583633e+05   0.000000e+00    355s
  233645    5.0002706e+01   1.168171e+05   0.000000e+00    360s
  236158    5.0002753e+01   1.067076e+04   0.000000e+00    366s
  237594    5.0002761e+01   1.292654e+05   0.000000e+00    370s
  240107    5.0002809e+01   5.492307e+04   0.000000e+00    375s
  241902    5.0002829e+01   1.406704e+04   0.000000e+00    380s
  243697    5.0002847e+01   2.245461e+04   0.000000e+00    386s
  245492    5.0002875e+01   9.885134e+03   0.000000e+00    390s
  246928    5.0002887e+01   1.106977e+04   0.000000e+00    396s
  248723    5.0002907e+01   1.347530e+04   0.000000e+00    400s
  251236    5.0002945e+01   4.096100e+04   0.000000e+00    406s
  252672    5.0002954e+01   5.563820e+04   0.000000e+00    411s
  254467    5.0002984e+01   2.576414e+05   0.000000e+00    416s
  255903    5.0002992e+01   5.201231e+03   0.000000e+00    421s
  257698    5.0003019e+01   1.792439e+04   0.000000e+00    426s
  258775    5.0003024e+01   1.547116e+04   0.000000e+00    431s
  260211    5.0003049e+01   1.048082e+05   0.000000e+00    435s
  261647    5.0003063e+01   1.831486e+04   0.000000e+00    441s
  262724    5.0003069e+01   4.126889e+04   0.000000e+00    445s
  265237    5.0003094e+01   4.791304e+04   0.000000e+00    451s
  266673    5.0003110e+01   7.885465e+04   0.000000e+00    456s
  268109    5.0003117e+01   9.085149e+04   0.000000e+00    461s
  269186    5.0003122e+01   8.891913e+04   0.000000e+00    466s
  271699    5.0003185e+01   4.844615e+04   0.000000e+00    470s
  273494    5.0003200e+01   9.693522e+03   0.000000e+00    476s
  274571    5.0003204e+01   2.288126e+04   0.000000e+00    480s
  276366    5.0003223e+01   3.355297e+04   0.000000e+00    486s
  277802    5.0003235e+01   1.869413e+04   0.000000e+00    491s
  278879    5.0003241e+01   3.817423e+04   0.000000e+00    495s
  280315    5.0003251e+01   4.253158e+04   0.000000e+00    500s
  281751    5.0003258e+01   4.375644e+04   0.000000e+00    506s
  283187    5.0003264e+01   2.174671e+04   0.000000e+00    512s
  284264    5.0003269e+01   3.930618e+04   0.000000e+00    515s
  285700    5.0003276e+01   3.282728e+04   0.000000e+00    521s
  286777    5.0003281e+01   1.330751e+05   0.000000e+00    525s
  288931    5.0003310e+01   3.407646e+04   0.000000e+00    531s
  290008    5.0003316e+01   1.408750e+05   0.000000e+00    536s
  292162    5.0003356e+01   7.527969e+04   0.000000e+00    540s
  293957    5.0003385e+01   1.436073e+04   0.000000e+00    546s
  295034    5.0003389e+01   2.059317e+04   0.000000e+00    550s
  296829    5.0003405e+01   5.684357e+04   0.000000e+00    555s
  298265    5.0003412e+01   1.067020e+05   0.000000e+00    561s
  299342    5.0003417e+01   1.874972e+04   0.000000e+00    566s
  301137    5.0003435e+01   1.267361e+05   0.000000e+00    571s
  302573    5.0003443e+01   3.405776e+04   0.000000e+00    576s
  303650    5.0003446e+01   1.228547e+04   0.000000e+00    581s
  305086    5.0003463e+01   2.103837e+04   0.000000e+00    585s
  306522    5.0003469e+01   9.119011e+04   0.000000e+00    591s
  307958    5.0003475e+01   9.677803e+04   0.000000e+00    596s
  309035    5.0003481e+01   1.475109e+04   0.000000e+00    601s
  310112    5.0003485e+01   1.182855e+04   0.000000e+00    606s
  311548    5.0003496e+01   1.211698e+05   0.000000e+00    610s
  312984    5.0003507e+01   1.422928e+04   0.000000e+00    615s
  314420    5.0003512e+01   4.686983e+04   0.000000e+00    622s
  315497    5.0003518e+01   3.340553e+04   0.000000e+00    625s
  316933    5.0003538e+01   2.507201e+04   0.000000e+00    630s
  318369    5.0003544e+01   2.000399e+04   0.000000e+00    636s
  319446    5.0003549e+01   1.513763e+04   0.000000e+00    641s
  320523    5.0003557e+01   2.201738e+04   0.000000e+00    645s
  321959    5.0003570e+01   2.998861e+04   0.000000e+00    651s
  324472    5.0003610e+01   1.490207e+05   0.000000e+00    657s
  325549    5.0003614e+01   1.932267e+04   0.000000e+00    661s
  326626    5.0003622e+01   1.023725e+04   0.000000e+00    665s
  328062    5.0003627e+01   7.743426e+04   0.000000e+00    671s
  329139    5.0003630e+01   2.098585e+04   0.000000e+00    676s
  330216    5.0003635e+01   5.713238e+03   0.000000e+00    681s
  331293    5.0003638e+01   2.905126e+04   0.000000e+00    686s
  332370    5.0003641e+01   1.241827e+05   0.000000e+00    691s
  333447    5.0003651e+01   1.442071e+04   0.000000e+00    695s
  334524    5.0003653e+01   6.327187e+03   0.000000e+00    701s
  335601    5.0003657e+01   8.215489e+04   0.000000e+00    706s
  336678    5.0003662e+01   1.300525e+04   0.000000e+00    710s
  338114    5.0003666e+01   2.305074e+05   0.000000e+00    717s
  338832    5.0003668e+01   2.737021e+04   0.000000e+00    720s
  340268    5.0003677e+01   9.538573e+03   0.000000e+00    726s
  340986    5.0003678e+01   1.401900e+04   0.000000e+00    730s
  342422    5.0003694e+01   2.117476e+04   0.000000e+00    736s
  343858    5.0003707e+01   2.077990e+04   0.000000e+00    740s
  344935    5.0003716e+01   6.290266e+04   0.000000e+00    746s
  346012    5.0003718e+01   7.774624e+03   0.000000e+00    751s
  347089    5.0003722e+01   4.126717e+04   0.000000e+00    757s
  348166    5.0003726e+01   1.977498e+04   0.000000e+00    761s
  349243    5.0003731e+01   2.770824e+04   0.000000e+00    766s
  350679    5.0003740e+01   9.992612e+03   0.000000e+00    771s
  351756    5.0003743e+01   9.112199e+03   0.000000e+00    776s
  352833    5.0003746e+01   9.491796e+03   0.000000e+00    780s
  354269    5.0003750e+01   9.564797e+03   0.000000e+00    786s
  355346    5.0003754e+01   2.767995e+04   0.000000e+00    791s
  356423    5.0003760e+01   4.977868e+04   0.000000e+00    796s
  357500    5.0003767e+01   4.459342e+04   0.000000e+00    801s
  358577    5.0003770e+01   2.062339e+04   0.000000e+00    806s
  359654    5.0003779e+01   1.651288e+04   0.000000e+00    811s
  360731    5.0003782e+01   1.424506e+05   0.000000e+00    816s
  361808    5.0003785e+01   1.274424e+04   0.000000e+00    821s
  362885    5.0003792e+01   3.140025e+04   0.000000e+00    827s
  363603    5.0003794e+01   1.370211e+04   0.000000e+00    830s
  364680    5.0003797e+01   1.330646e+04   0.000000e+00    835s
  365757    5.0003801e+01   1.076157e+04   0.000000e+00    840s
  366834    5.0003805e+01   2.125307e+04   0.000000e+00    846s
  367911    5.0003807e+01   1.373076e+04   0.000000e+00    852s
  368629    5.0003808e+01   7.789910e+03   0.000000e+00    855s
  369706    5.0003817e+01   2.562060e+04   0.000000e+00    860s
  371142    5.0003830e+01   2.350357e+04   0.000000e+00    866s
  372219    5.0003833e+01   6.543207e+03   0.000000e+00    870s
  373296    5.0003835e+01   1.295629e+04   0.000000e+00    876s
  374373    5.0003838e+01   2.957186e+04   0.000000e+00    881s
  375450    5.0003843e+01   8.140450e+03   0.000000e+00    886s
  376527    5.0003846e+01   5.047414e+03   0.000000e+00    891s
  377245    5.0003847e+01   1.127990e+04   0.000000e+00    895s
  378322    5.0003850e+01   8.023268e+03   0.000000e+00    900s
  379399    5.0003853e+01   8.961961e+04   0.000000e+00    907s
  380476    5.0003858e+01   5.023240e+04   0.000000e+00    911s
  381912    5.0003865e+01   1.966553e+04   0.000000e+00    916s
  382630    5.0003866e+01   9.442274e+04   0.000000e+00    920s
  383707    5.0003869e+01   7.352002e+03   0.000000e+00    925s
  384784    5.0003871e+01   7.051749e+03   0.000000e+00    931s
  385861    5.0003874e+01   1.041209e+04   0.000000e+00    936s
  386938    5.0003877e+01   4.570871e+03   0.000000e+00    942s
  388015    5.0003880e+01   2.314216e+04   0.000000e+00    946s
  388733    5.0003881e+01   1.714206e+04   0.000000e+00    950s
  389810    5.0003886e+01   2.972431e+05   0.000000e+00    956s
  390887    5.0003888e+01   2.038601e+04   0.000000e+00    962s
  391605    5.0003890e+01   1.368972e+04   0.000000e+00    966s
  392323    5.0003891e+01   1.058362e+05   0.000000e+00    970s
  393400    5.0003894e+01   8.401175e+04   0.000000e+00    976s
  394118    5.0003895e+01   9.562446e+03   0.000000e+00    981s
  395195    5.0003906e+01   2.846366e+04   0.000000e+00    986s
  395913    5.0003908e+01   1.326351e+04   0.000000e+00    990s
  396990    5.0003910e+01   4.318050e+04   0.000000e+00    996s
  398067    5.0003912e+01   2.087773e+04   0.000000e+00   1002s
  398785    5.0003914e+01   7.013124e+03   0.000000e+00   1007s
  399503    5.0003927e+01   8.615175e+03   0.000000e+00   1011s
  400580    5.0003955e+01   3.644127e+03   0.000000e+00   1016s
  401657    5.0003977e+01   4.131422e+03   0.000000e+00   1021s
  402375    5.0003986e+01   1.592833e+04   0.000000e+00   1025s
  403452    5.0003998e+01   2.012400e+04   0.000000e+00   1031s
  404170    5.0004003e+01   1.196337e+04   0.000000e+00   1035s
  405247    5.0004012e+01   1.783185e+04   0.000000e+00   1041s
  405965    5.0004019e+01   7.896347e+03   0.000000e+00   1045s
  407042    5.0004033e+01   7.980771e+03   0.000000e+00   1051s
  407760    5.0004041e+01   1.473107e+04   0.000000e+00   1055s
  408478    5.0004045e+01   5.570090e+03   0.000000e+00   1060s
  409196    5.0004051e+01   1.496674e+04   0.000000e+00   1065s
  410273    5.0004059e+01   2.576483e+03   0.000000e+00   1071s
  410991    5.0004066e+01   2.825499e+03   0.000000e+00   1076s
  412068    5.0004072e+01   6.562866e+03   0.000000e+00   1082s
  412786    5.0004078e+01   2.096426e+04   0.000000e+00   1086s
  413504    5.0004095e+01   9.843239e+03   0.000000e+00   1090s
  414581    5.0004106e+01   4.659824e+04   0.000000e+00   1096s
  415658    5.0004118e+01   6.973809e+04   0.000000e+00   1101s
  416735    5.0004127e+01   6.174080e+03   0.000000e+00   1107s
  417453    5.0004132e+01   1.421954e+04   0.000000e+00   1111s
  418171    5.0004138e+01   7.929349e+03   0.000000e+00   1116s
  418889    5.0004150e+01   4.378746e+03   0.000000e+00   1120s
  419966    5.0004202e+01   6.337813e+03   0.000000e+00   1127s
  420684    5.0004209e+01   1.288553e+04   0.000000e+00   1131s
  422479    5.0004349e+01   3.493633e+04   0.000000e+00   1136s
  423197    5.0004355e+01   5.581912e+03   0.000000e+00   1140s
  424274    5.0004363e+01   1.089364e+04   0.000000e+00   1146s
  425351    5.0004372e+01   7.353377e+04   0.000000e+00   1152s
  426069    5.0004376e+01   4.670216e+03   0.000000e+00   1157s
  426787    5.0004379e+01   9.372714e+03   0.000000e+00   1161s
  427505    5.0004382e+01   6.219568e+03   0.000000e+00   1166s
  428223    5.0004386e+01   6.868244e+03   0.000000e+00   1171s
  428941    5.0004390e+01   8.216849e+03   0.000000e+00   1175s
  429659    5.0004401e+01   4.867811e+04   0.000000e+00   1180s
  430377    5.0004404e+01   1.246297e+04   0.000000e+00   1185s
  431454    5.0004409e+01   1.577475e+04   0.000000e+00   1192s
  432172    5.0004412e+01   7.079624e+03   0.000000e+00   1197s
  432890    5.0004416e+01   4.447111e+03   0.000000e+00   1201s
  433608    5.0004420e+01   1.445711e+04   0.000000e+00   1205s
  434685    5.0004425e+01   1.917079e+04   0.000000e+00   1212s
  435403    5.0004428e+01   6.529929e+03   0.000000e+00   1217s
  436121    5.0004431e+01   1.294945e+04   0.000000e+00   1221s
  436839    5.0004435e+01   4.007817e+03   0.000000e+00   1226s
  437557    5.0004439e+01   2.340723e+03   0.000000e+00   1231s
  438275    5.0004443e+01   3.303577e+03   0.000000e+00   1236s
  438993    5.0004446e+01   2.771644e+03   0.000000e+00   1241s
  439711    5.0004449e+01   3.549930e+03   0.000000e+00   1246s
  440429    5.0004451e+01   7.402479e+03   0.000000e+00   1252s
  441147    5.0004454e+01   2.268278e+04   0.000000e+00   1258s
  441506    5.0004456e+01   4.450567e+03   0.000000e+00   1260s
  442224    5.0004458e+01   3.514057e+03   0.000000e+00   1266s
  442942    5.0004460e+01   2.578009e+03   0.000000e+00   1272s
  443660    5.0004462e+01   2.316677e+03   0.000000e+00   1277s
  444019    5.0004463e+01   2.296075e+03   0.000000e+00   1280s
  444737    5.0004465e+01   6.446582e+03   0.000000e+00   1286s
  445455    5.0004467e+01   2.852907e+04   0.000000e+00   1292s
  446173    5.0004469e+01   5.424397e+03   0.000000e+00   1298s
  446532    5.0004470e+01   3.089346e+03   0.000000e+00   1300s
  447250    5.0004472e+01   3.233916e+03   0.000000e+00   1306s
  447968    5.0004475e+01   1.085396e+04   0.000000e+00   1311s
  448686    5.0004480e+01   1.462240e+04   0.000000e+00   1317s
  449404    5.0004482e+01   5.970164e+03   0.000000e+00   1322s
  450122    5.0004485e+01   3.915412e+03   0.000000e+00   1328s
  450481    5.0004486e+01   1.086502e+04   0.000000e+00   1330s
  451199    5.0004490e+01   3.280952e+03   0.000000e+00   1336s
  451917    5.0004493e+01   4.992613e+03   0.000000e+00   1340s
  452635    5.0004496e+01   6.398480e+03   0.000000e+00   1346s
  453353    5.0004499e+01   3.710521e+03   0.000000e+00   1352s
  454071    5.0004501e+01   3.527353e+03   0.000000e+00   1358s
  454430    5.0004502e+01   3.079281e+03   0.000000e+00   1361s
  455148    5.0004504e+01   5.147854e+03   0.000000e+00   1366s
  455866    5.0004506e+01   6.913614e+03   0.000000e+00   1372s
  456225    5.0004507e+01   3.476227e+03   0.000000e+00   1375s
  456943    5.0004509e+01   7.315930e+03   0.000000e+00   1381s
  457661    5.0004511e+01   5.189412e+03   0.000000e+00   1387s
  458379    5.0004514e+01   2.663492e+03   0.000000e+00   1392s
  458738    5.0004515e+01   1.943835e+03   0.000000e+00   1395s
  459456    5.0004518e+01   9.598146e+03   0.000000e+00   1401s
  460174    5.0004520e+01   7.773335e+03   0.000000e+00   1407s
  460892    5.0004522e+01   7.377013e+03   0.000000e+00   1412s
  461251    5.0004522e+01   3.866002e+03   0.000000e+00   1415s
  461969    5.0004524e+01   2.449729e+03   0.000000e+00   1421s
  462687    5.0004526e+01   2.346996e+03   0.000000e+00   1427s
  463405    5.0004529e+01   4.304543e+03   0.000000e+00   1432s
  464123    5.0004532e+01   3.818334e+03   0.000000e+00   1437s
  464841    5.0004534e+01   2.168804e+03   0.000000e+00   1443s
  465200    5.0004535e+01   8.511506e+03   0.000000e+00   1446s
  465918    5.0004537e+01   9.819779e+03   0.000000e+00   1451s
  466636    5.0004539e+01   4.567099e+03   0.000000e+00   1457s
  467354    5.0004552e+01   6.452876e+03   0.000000e+00   1462s
  468072    5.0004554e+01   3.130291e+03   0.000000e+00   1467s
  468431    5.0004555e+01   3.329143e+03   0.000000e+00   1470s
  469149    5.0004557e+01   3.700190e+03   0.000000e+00   1476s
  469867    5.0004559e+01   2.857513e+03   0.000000e+00   1481s
  470585    5.0004566e+01   2.798051e+04   0.000000e+00   1487s
  470944    5.0004570e+01   1.809135e+03   0.000000e+00   1490s
  471662    5.0004572e+01   4.880719e+03   0.000000e+00   1496s
  472380    5.0004574e+01   4.410715e+03   0.000000e+00   1502s
  473098    5.0004575e+01   2.399693e+03   0.000000e+00   1508s
  473457    5.0004576e+01   5.522129e+03   0.000000e+00   1510s
  474175    5.0004578e+01   1.687411e+03   0.000000e+00   1517s
  474893    5.0004580e+01   1.616247e+03   0.000000e+00   1523s
  475252    5.0004580e+01   1.936925e+03   0.000000e+00   1526s
  475970    5.0004582e+01   3.263328e+03   0.000000e+00   1532s
  476688    5.0004602e+01   7.701619e+03   0.000000e+00   1537s
  477406    5.0004604e+01   4.154298e+04   0.000000e+00   1542s
  478124    5.0004607e+01   1.772853e+04   0.000000e+00   1547s
  478842    5.0004609e+01   1.327551e+04   0.000000e+00   1552s
  479560    5.0004612e+01   8.635866e+03   0.000000e+00   1558s
  479919    5.0004615e+01   2.495696e+03   0.000000e+00   1560s
  480637    5.0004617e+01   1.073686e+04   0.000000e+00   1565s
  481355    5.0004619e+01   1.104606e+04   0.000000e+00   1571s
  482073    5.0004621e+01   3.799530e+03   0.000000e+00   1576s
  482791    5.0004623e+01   3.636779e+03   0.000000e+00   1582s
  483509    5.0004625e+01   7.803980e+03   0.000000e+00   1587s
  483868    5.0004626e+01   9.023564e+03   0.000000e+00   1590s
  484586    5.0004628e+01   2.029352e+03   0.000000e+00   1596s
  485304    5.0004630e+01   6.153836e+03   0.000000e+00   1601s
  486022    5.0004632e+01   4.050144e+03   0.000000e+00   1607s
  486381    5.0004632e+01   1.064651e+04   0.000000e+00   1610s
  487099    5.0004634e+01   2.682801e+03   0.000000e+00   1617s
  487817    5.0004636e+01   1.404755e+03   0.000000e+00   1622s
  488176    5.0004637e+01   6.325262e+03   0.000000e+00   1626s
  488894    5.0004643e+01   9.680911e+03   0.000000e+00   1631s
  489612    5.0004645e+01   4.262874e+03   0.000000e+00   1637s
  490330    5.0004648e+01   3.724964e+03   0.000000e+00   1642s
  491048    5.0004650e+01   2.598819e+03   0.000000e+00   1647s
  491766    5.0004652e+01   1.992990e+03   0.000000e+00   1653s
  492125    5.0004653e+01   4.742717e+03   0.000000e+00   1656s
  492843    5.0004654e+01   3.958903e+03   0.000000e+00   1662s
  493561    5.0004656e+01   3.808389e+03   0.000000e+00   1668s
  493920    5.0004657e+01   3.586982e+04   0.000000e+00   1671s
  494638    5.0004658e+01   1.922075e+04   0.000000e+00   1677s
  495356    5.0004662e+01   1.708972e+04   0.000000e+00   1683s
  495715    5.0004663e+01   5.234061e+04   0.000000e+00   1685s
  496433    5.0004665e+01   6.313683e+03   0.000000e+00   1692s
  497151    5.0004666e+01   7.507345e+03   0.000000e+00   1698s
  497510    5.0004667e+01   2.327162e+03   0.000000e+00   1700s
  498228    5.0004669e+01   1.220982e+04   0.000000e+00   1706s
  498946    5.0004671e+01   2.847668e+03   0.000000e+00   1712s
  499664    5.0004674e+01   8.356075e+03   0.000000e+00   1717s
  500023    5.0004674e+01   2.740629e+03   0.000000e+00   1720s
  500741    5.0004676e+01   4.381115e+03   0.000000e+00   1726s
  501459    5.0004678e+01   2.284977e+04   0.000000e+00   1732s
  502177    5.0004679e+01   1.466572e+03   0.000000e+00   1738s
  502536    5.0004680e+01   4.211575e+03   0.000000e+00   1741s
  503254    5.0004682e+01   4.221880e+03   0.000000e+00   1747s
  503972    5.0004683e+01   7.328658e+03   0.000000e+00   1753s
  504331    5.0004684e+01   1.057586e+04   0.000000e+00   1756s
  505049    5.0004686e+01   2.733008e+03   0.000000e+00   1762s
  505767    5.0004688e+01   1.529986e+03   0.000000e+00   1767s
  506126    5.0004689e+01   1.409873e+03   0.000000e+00   1771s
  506844    5.0004691e+01   2.671910e+03   0.000000e+00   1776s
  507562    5.0004692e+01   2.262389e+03   0.000000e+00   1782s
  508280    5.0004694e+01   2.489509e+03   0.000000e+00   1788s
  508639    5.0004695e+01   2.799607e+03   0.000000e+00   1791s
  509357    5.0004697e+01   1.187223e+04   0.000000e+00   1797s
  510075    5.0004698e+01   1.209164e+03   0.000000e+00   1803s
  510434    5.0004699e+01   1.268015e+03   0.000000e+00   1806s
  511152    5.0004700e+01   2.836332e+03   0.000000e+00   1812s
  511870    5.0004702e+01   2.453124e+03   0.000000e+00   1818s
  512229    5.0004703e+01   6.869699e+03   0.000000e+00   1821s
  512947    5.0004704e+01   2.696029e+03   0.000000e+00   1827s
  513665    5.0004706e+01   5.219373e+03   0.000000e+00   1833s
  514024    5.0004706e+01   1.512916e+03   0.000000e+00   1836s
  514742    5.0004708e+01   2.693594e+03   0.000000e+00   1842s
  515460    5.0004709e+01   8.234008e+02   0.000000e+00   1848s
  515819    5.0004710e+01   2.452083e+03   0.000000e+00   1851s
  516537    5.0004711e+01   2.355753e+03   0.000000e+00   1857s
  517255    5.0004713e+01   1.266598e+03   0.000000e+00   1863s
  517614    5.0004714e+01   2.313381e+03   0.000000e+00   1866s
  518332    5.0004715e+01   9.421624e+03   0.000000e+00   1872s
  519050    5.0004717e+01   5.514437e+03   0.000000e+00   1878s
  519409    5.0004718e+01   2.456500e+03   0.000000e+00   1881s
  520127    5.0004719e+01   2.025567e+04   0.000000e+00   1887s
  520845    5.0004720e+01   9.020092e+02   0.000000e+00   1893s
  521204    5.0004721e+01   1.373967e+03   0.000000e+00   1896s
  521922    5.0004722e+01   1.863267e+03   0.000000e+00   1902s
  522640    5.0004724e+01   3.365585e+03   0.000000e+00   1908s
  522999    5.0004724e+01   2.986436e+03   0.000000e+00   1911s
  523717    5.0004726e+01   2.029652e+03   0.000000e+00   1917s
  524076    5.0004727e+01   3.001649e+03   0.000000e+00   1920s
  524794    5.0004728e+01   9.182412e+02   0.000000e+00   1926s
  525512    5.0004729e+01   5.631821e+03   0.000000e+00   1932s
  525871    5.0004730e+01   2.725873e+03   0.000000e+00   1935s
  526589    5.0004731e+01   4.479064e+03   0.000000e+00   1941s
  527307    5.0004732e+01   1.796490e+03   0.000000e+00   1947s
  527666    5.0004733e+01   2.598066e+03   0.000000e+00   1950s
  528384    5.0004734e+01   1.786915e+04   0.000000e+00   1957s
  529102    5.0004735e+01   9.211523e+02   0.000000e+00   1963s
  529461    5.0004736e+01   1.845499e+03   0.000000e+00   1966s
  530179    5.0004738e+01   2.505743e+03   0.000000e+00   1972s
  530897    5.0004739e+01   1.293213e+03   0.000000e+00   1978s
  531256    5.0004740e+01   9.456328e+03   0.000000e+00   1981s
  531974    5.0004741e+01   6.889715e+02   0.000000e+00   1987s
  532692    5.0004742e+01   2.553118e+03   0.000000e+00   1993s
  533051    5.0004743e+01   9.423272e+02   0.000000e+00   1996s
  533769    5.0004744e+01   3.514813e+03   0.000000e+00   2003s
  534128    5.0004744e+01   1.919923e+03   0.000000e+00   2006s
  534846    5.0004746e+01   2.841813e+03   0.000000e+00   2012s
  535564    5.0004747e+01   2.099149e+03   0.000000e+00   2018s
  535923    5.0004767e+01   2.968822e+03   0.000000e+00   2020s
  536641    5.0004791e+01   1.046015e+04   0.000000e+00   2025s
  537359    5.0004803e+01   2.416932e+03   0.000000e+00   2030s
  538077    5.0004810e+01   8.688350e+03   0.000000e+00   2035s
  538795    5.0004818e+01   1.476830e+04   0.000000e+00   2040s
  539513    5.0004825e+01   1.088034e+04   0.000000e+00   2045s
  540231    5.0004838e+01   5.184687e+03   0.000000e+00   2050s
  540949    5.0004844e+01   2.042078e+03   0.000000e+00   2055s
  541667    5.0004849e+01   4.538585e+03   0.000000e+00   2061s
  542385    5.0004855e+01   1.962853e+03   0.000000e+00   2066s
  543103    5.0004861e+01   3.152675e+03   0.000000e+00   2072s
  543821    5.0004868e+01   1.183102e+03   0.000000e+00   2077s
  544539    5.0004874e+01   6.679994e+03   0.000000e+00   2083s
  544898    5.0004876e+01   1.080253e+03   0.000000e+00   2085s
  545616    5.0004882e+01   2.873600e+03   0.000000e+00   2090s
  546334    5.0004886e+01   2.550414e+03   0.000000e+00   2096s
  547052    5.0004890e+01   1.395056e+03   0.000000e+00   2102s
  547770    5.0004895e+01   2.831620e+03   0.000000e+00   2108s
  548129    5.0004896e+01   2.487228e+03   0.000000e+00   2111s
  548847    5.0004901e+01   6.034117e+03   0.000000e+00   2116s
  549565    5.0004907e+01   3.670283e+03   0.000000e+00   2122s
  550283    5.0004910e+01   2.734235e+03   0.000000e+00   2128s
  550642    5.0004912e+01   1.381932e+04   0.000000e+00   2131s
  551360    5.0004916e+01   2.875538e+03   0.000000e+00   2136s
  552078    5.0004922e+01   3.933351e+03   0.000000e+00   2142s
  552437    5.0004924e+01   1.513500e+03   0.000000e+00   2145s
  553155    5.0004927e+01   3.857938e+03   0.000000e+00   2151s
  553873    5.0004931e+01   8.478726e+02   0.000000e+00   2157s
  554591    5.0004935e+01   4.566944e+03   0.000000e+00   2163s
  554950    5.0004942e+01   1.267191e+03   0.000000e+00   2166s
  555668    5.0004946e+01   1.134598e+04   0.000000e+00   2172s
  556386    5.0004952e+01   1.417593e+03   0.000000e+00   2177s
  557104    5.0004956e+01   2.551231e+03   0.000000e+00   2183s
  557463    5.0004957e+01   8.353086e+02   0.000000e+00   2186s
  558181    5.0004960e+01   5.732715e+03   0.000000e+00   2192s
  558899    5.0004964e+01   1.049878e+03   0.000000e+00   2197s
  559258    5.0004969e+01   3.422359e+03   0.000000e+00   2200s
  559976    5.0004972e+01   4.218331e+03   0.000000e+00   2206s
  560694    5.0004975e+01   1.775986e+03   0.000000e+00   2212s
  561053    5.0004976e+01   3.963238e+03   0.000000e+00   2215s
  561771    5.0004979e+01   2.832092e+03   0.000000e+00   2221s
  562489    5.0004983e+01   1.992252e+03   0.000000e+00   2227s
  562848    5.0004985e+01   9.338445e+02   0.000000e+00   2230s
  563566    5.0004988e+01   7.565107e+03   0.000000e+00   2236s
  564284    5.0004991e+01   1.126855e+04   0.000000e+00   2242s
  564643    5.0004992e+01   3.348630e+03   0.000000e+00   2245s
  565361    5.0004995e+01   1.698754e+03   0.000000e+00   2252s
  566079    5.0005000e+01   1.457911e+03   0.000000e+00   2257s
  566438    5.0005002e+01   3.426980e+04   0.000000e+00   2260s
  567156    5.0005005e+01   1.089653e+03   0.000000e+00   2266s
  567874    5.0005007e+01   3.714938e+03   0.000000e+00   2272s
  568233    5.0005009e+01   1.747990e+03   0.000000e+00   2275s
  568951    5.0005011e+01   2.156466e+03   0.000000e+00   2282s
  569669    5.0005014e+01   8.063742e+03   0.000000e+00   2288s
  570028    5.0005016e+01   3.259023e+03   0.000000e+00   2291s
  570746    5.0005018e+01   1.903593e+03   0.000000e+00   2297s
  571464    5.0005020e+01   2.247138e+03   0.000000e+00   2303s
  571823    5.0005022e+01   5.960140e+03   0.000000e+00   2306s
  572541    5.0005024e+01   1.616090e+03   0.000000e+00   2313s
  572900    5.0005025e+01   1.381522e+03   0.000000e+00   2316s
  573618    5.0005027e+01   1.013627e+04   0.000000e+00   2322s
  573977    5.0005028e+01   1.139952e+03   0.000000e+00   2325s
  574695    5.0005030e+01   1.483758e+03   0.000000e+00   2332s
  575413    5.0005032e+01   1.842277e+04   0.000000e+00   2338s
  575772    5.0005033e+01   2.782792e+03   0.000000e+00   2341s
  576490    5.0005035e+01   9.495422e+02   0.000000e+00   2348s
  576849    5.0005036e+01   6.787156e+03   0.000000e+00   2351s
  577567    5.0005037e+01   4.632378e+03   0.000000e+00   2358s
  577926    5.0005038e+01   1.326853e+03   0.000000e+00   2361s
  578644    5.0005040e+01   3.499267e+03   0.000000e+00   2367s
  579003    5.0005041e+01   1.313010e+03   0.000000e+00   2370s
  579721    5.0005044e+01   3.249853e+03   0.000000e+00   2377s
  580439    5.0005046e+01   7.394749e+03   0.000000e+00   2383s
  580798    5.0005047e+01   8.729247e+02   0.000000e+00   2386s
  581516    5.0005049e+01   3.207529e+03   0.000000e+00   2393s
  581875    5.0005050e+01   3.012344e+03   0.000000e+00   2396s
  582593    5.0005052e+01   3.137651e+03   0.000000e+00   2402s
  582952    5.0005053e+01   8.707667e+02   0.000000e+00   2405s
  583670    5.0005055e+01   1.834604e+03   0.000000e+00   2412s
  584388    5.0005057e+01   3.220871e+03   0.000000e+00   2418s
  584747    5.0005058e+01   1.038627e+03   0.000000e+00   2421s
  585465    5.0005060e+01   9.383697e+02   0.000000e+00   2427s
  585824    5.0005061e+01   3.330844e+03   0.000000e+00   2430s
  586542    5.0005064e+01   1.619242e+03   0.000000e+00   2437s
  586901    5.0005065e+01   2.719804e+03   0.000000e+00   2440s
  587619    5.0005067e+01   9.160701e+02   0.000000e+00   2446s
  588337    5.0005069e+01   3.203676e+03   0.000000e+00   2453s
  588696    5.0005070e+01   2.134181e+03   0.000000e+00   2456s
  589414    5.0005072e+01   3.034116e+03   0.000000e+00   2462s
  589773    5.0005073e+01   1.093394e+03   0.000000e+00   2465s
  590491    5.0005075e+01   1.060291e+03   0.000000e+00   2472s
  591209    5.0005077e+01   2.008181e+03   0.000000e+00   2478s
  591568    5.0005078e+01   8.650529e+02   0.000000e+00   2481s
  592286    5.0005080e+01   2.727804e+03   0.000000e+00   2487s
  592645    5.0005081e+01   2.009921e+03   0.000000e+00   2491s
  593363    5.0005083e+01   1.046813e+03   0.000000e+00   2497s
  593722    5.0005084e+01   1.744774e+03   0.000000e+00   2500s
  594440    5.0005086e+01   1.191088e+04   0.000000e+00   2507s
  594799    5.0005087e+01   3.150454e+03   0.000000e+00   2510s
  595517    5.0005089e+01   2.734472e+03   0.000000e+00   2516s
  596235    5.0005091e+01   5.942503e+02   0.000000e+00   2523s
  596594    5.0005092e+01   9.429504e+02   0.000000e+00   2526s
  597312    5.0005094e+01   8.996686e+02   0.000000e+00   2532s
  597671    5.0005094e+01   4.183645e+02   0.000000e+00   2536s
  598389    5.0005096e+01   1.026593e+03   0.000000e+00   2542s
  598748    5.0005097e+01   4.612261e+03   0.000000e+00   2545s
  599466    5.0005099e+01   2.365552e+03   0.000000e+00   2552s
  599825    5.0005100e+01   4.124711e+03   0.000000e+00   2555s
  600543    5.0005101e+01   2.022821e+03   0.000000e+00   2562s
  601261    5.0005104e+01   6.682617e+03   0.000000e+00   2568s
  601620    5.0005105e+01   1.131495e+03   0.000000e+00   2571s
  602338    5.0005107e+01   1.703329e+03   0.000000e+00   2578s
  602697    5.0005108e+01   7.179818e+02   0.000000e+00   2581s
  603415    5.0005109e+01   2.588562e+03   0.000000e+00   2587s
  603774    5.0005110e+01   1.322801e+03   0.000000e+00   2591s
  604492    5.0005112e+01   1.299888e+03   0.000000e+00   2597s
  604851    5.0005113e+01   1.162178e+03   0.000000e+00   2600s
  605569    5.0005115e+01   2.124213e+03   0.000000e+00   2607s
  605928    5.0005116e+01   2.136913e+03   0.000000e+00   2610s
  606646    5.0005117e+01   1.750213e+03   0.000000e+00   2617s
  607364    5.0005119e+01   6.100827e+02   0.000000e+00   2623s
  607723    5.0005120e+01   8.750614e+02   0.000000e+00   2626s
  608441    5.0005123e+01   4.491089e+02   0.000000e+00   2633s
  608800    5.0005124e+01   2.562139e+04   0.000000e+00   2636s
  609518    5.0005126e+01   2.282973e+03   0.000000e+00   2642s
  609877    5.0005126e+01   9.489412e+02   0.000000e+00   2646s
  610595    5.0005128e+01   6.527277e+02   0.000000e+00   2652s
  610954    5.0005129e+01   2.460659e+03   0.000000e+00   2656s
  611672    5.0005131e+01   6.046151e+03   0.000000e+00   2662s
  612031    5.0005132e+01   9.083365e+02   0.000000e+00   2666s
  612749    5.0005133e+01   3.746864e+03   0.000000e+00   2672s
  613108    5.0005134e+01   1.155945e+03   0.000000e+00   2676s
  613826    5.0005135e+01   4.206365e+03   0.000000e+00   2682s
  614185    5.0005136e+01   1.492229e+03   0.000000e+00   2686s
  614903    5.0005138e+01   5.785949e+02   0.000000e+00   2692s
  615262    5.0005139e+01   2.920605e+03   0.000000e+00   2695s
  615980    5.0005140e+01   4.054461e+02   0.000000e+00   2702s
  616339    5.0005141e+01   3.647254e+03   0.000000e+00   2705s
  617057    5.0005143e+01   4.870814e+02   0.000000e+00   2712s
  617416    5.0005143e+01   1.552517e+03   0.000000e+00   2715s
  618134    5.0005145e+01   6.893285e+02   0.000000e+00   2722s
  618493    5.0005146e+01   1.693394e+03   0.000000e+00   2725s
  619211    5.0005147e+01   8.529622e+02   0.000000e+00   2732s
  619570    5.0005148e+01   3.995027e+03   0.000000e+00   2735s
  620288    5.0005150e+01   7.245049e+02   0.000000e+00   2742s
  620647    5.0005151e+01   1.825114e+03   0.000000e+00   2745s
  621365    5.0005152e+01   1.421424e+03   0.000000e+00   2752s
  621724    5.0005153e+01   8.046482e+03   0.000000e+00   2755s
  622442    5.0005155e+01   5.321916e+03   0.000000e+00   2762s
  622801    5.0005156e+01   3.376171e+02   0.000000e+00   2765s
  623519    5.0005158e+01   2.750222e+03   0.000000e+00   2772s
  624237    5.0005159e+01   9.012002e+02   0.000000e+00   2778s
  624596    5.0005160e+01   6.761607e+02   0.000000e+00   2782s
  625314    5.0005161e+01   1.068482e+03   0.000000e+00   2788s
  625673    5.0005162e+01   8.786178e+02   0.000000e+00   2792s
  626391    5.0005164e+01   1.513551e+03   0.000000e+00   2798s
  626750    5.0005164e+01   1.956605e+03   0.000000e+00   2802s
  627468    5.0005167e+01   6.761164e+02   0.000000e+00   2808s
  627827    5.0005168e+01   8.624921e+02   0.000000e+00   2812s
  628186    5.0005169e+01   1.056074e+03   0.000000e+00   2815s
  628904    5.0005170e+01   1.399629e+03   0.000000e+00   2822s
  629622    5.0005172e+01   5.210099e+02   0.000000e+00   2828s
  629981    5.0005173e+01   1.184003e+03   0.000000e+00   2832s
  630699    5.0005175e+01   8.426097e+02   0.000000e+00   2838s
  631058    5.0005175e+01   1.665848e+03   0.000000e+00   2842s
  631776    5.0005177e+01   4.268646e+02   0.000000e+00   2848s
  632135    5.0005178e+01   1.321811e+03   0.000000e+00   2852s
  632853    5.0005179e+01   2.318268e+02   0.000000e+00   2858s
  633212    5.0005180e+01   6.612278e+02   0.000000e+00   2862s
  633930    5.0005182e+01   7.398221e+02   0.000000e+00   2868s
  634289    5.0005182e+01   1.012071e+03   0.000000e+00   2872s
  635007    5.0005184e+01   2.338661e+03   0.000000e+00   2878s
  635366    5.0005184e+01   6.165894e+02   0.000000e+00   2882s
  636084    5.0005186e+01   6.634382e+02   0.000000e+00   2888s
  636443    5.0005187e+01   4.287062e+03   0.000000e+00   2891s
  637161    5.0005188e+01   1.099853e+03   0.000000e+00   2898s
  637520    5.0005189e+01   1.692481e+03   0.000000e+00   2901s
  638238    5.0005190e+01   1.553585e+03   0.000000e+00   2908s
  638597    5.0005191e+01   5.949323e+02   0.000000e+00   2911s
  639315    5.0005192e+01   1.332686e+03   0.000000e+00   2918s
  639674    5.0005193e+01   6.859833e+02   0.000000e+00   2921s
  640392    5.0005194e+01   8.287544e+02   0.000000e+00   2928s
  640751    5.0005195e+01   4.533875e+02   0.000000e+00   2932s
  641469    5.0005196e+01   7.435482e+02   0.000000e+00   2938s
  641828    5.0005197e+01   4.353039e+03   0.000000e+00   2942s
  642546    5.0005199e+01   3.732850e+03   0.000000e+00   2948s
  642905    5.0005199e+01   1.459100e+03   0.000000e+00   2952s
  643623    5.0005201e+01   1.660706e+04   0.000000e+00   2958s
  643982    5.0005201e+01   1.109207e+03   0.000000e+00   2962s
  644341    5.0005202e+01   1.637697e+03   0.000000e+00   2965s
  645059    5.0005204e+01   1.440160e+03   0.000000e+00   2972s
  645418    5.0005204e+01   6.132718e+02   0.000000e+00   2975s
  646136    5.0005206e+01   2.297852e+02   0.000000e+00   2982s
  646495    5.0005207e+01   1.428810e+03   0.000000e+00   2985s
  647213    5.0005208e+01   1.853645e+03   0.000000e+00   2992s
  647572    5.0005208e+01   2.110212e+03   0.000000e+00   2995s
  648290    5.0005210e+01   7.962842e+02   0.000000e+00   3002s
  648649    5.0005211e+01   1.841668e+03   0.000000e+00   3005s
  649367    5.0005212e+01   6.575280e+02   0.000000e+00   3012s
  649726    5.0005213e+01   6.494648e+02   0.000000e+00   3015s
  650444    5.0005214e+01   7.811151e+02   0.000000e+00   3022s
  650803    5.0005215e+01   4.348677e+03   0.000000e+00   3025s
  651521    5.0005216e+01   3.199440e+02   0.000000e+00   3032s
  651880    5.0005217e+01   1.168538e+03   0.000000e+00   3035s
  652598    5.0005218e+01   3.156864e+02   0.000000e+00   3042s
  652957    5.0005219e+01   1.212693e+03   0.000000e+00   3046s
  653675    5.0005220e+01   3.330259e+02   0.000000e+00   3052s
  654034    5.0005221e+01   5.204568e+03   0.000000e+00   3056s
  654752    5.0005222e+01   4.723650e+02   0.000000e+00   3063s
  655111    5.0005223e+01   1.004546e+03   0.000000e+00   3066s
  655829    5.0005224e+01   1.467538e+03   0.000000e+00   3073s
  656188    5.0005225e+01   2.340045e+03   0.000000e+00   3076s
  656906    5.0005226e+01   5.691711e+02   0.000000e+00   3083s
  657265    5.0005227e+01   5.709968e+02   0.000000e+00   3086s
  657983    5.0005228e+01   3.225946e+03   0.000000e+00   3093s
  658342    5.0005228e+01   5.829645e+02   0.000000e+00   3097s
  658701    5.0005229e+01   6.639137e+02   0.000000e+00   3100s
  659419    5.0005230e+01   4.121685e+02   0.000000e+00   3107s
  659778    5.0005231e+01   1.062492e+03   0.000000e+00   3110s
  660496    5.0005233e+01   1.989308e+03   0.000000e+00   3117s
  660855    5.0005233e+01   9.199850e+02   0.000000e+00   3120s
  661573    5.0005235e+01   6.362453e+02   0.000000e+00   3127s
  661932    5.0005235e+01   1.575578e+03   0.000000e+00   3131s
  662650    5.0005236e+01   1.272732e+03   0.000000e+00   3137s
  663009    5.0005237e+01   6.735075e+02   0.000000e+00   3141s
  663727    5.0005238e+01   3.337877e+02   0.000000e+00   3148s
  664086    5.0005239e+01   1.678206e+03   0.000000e+00   3151s
  664804    5.0005240e+01   7.517176e+02   0.000000e+00   3158s
  665163    5.0005240e+01   2.219673e+02   0.000000e+00   3161s
  665881    5.0005242e+01   2.779824e+02   0.000000e+00   3168s
  666240    5.0005242e+01   1.036223e+03   0.000000e+00   3172s
  666599    5.0005243e+01   4.209100e+02   0.000000e+00   3175s
  667317    5.0005244e+01   1.129998e+03   0.000000e+00   3182s
  667676    5.0005245e+01   6.817978e+02   0.000000e+00   3185s
  668394    5.0005247e+01   1.039918e+03   0.000000e+00   3192s
  668753    5.0005247e+01   6.076055e+02   0.000000e+00   3196s
  669471    5.0005249e+01   2.864561e+03   0.000000e+00   3202s
  669830    5.0005250e+01   1.322098e+03   0.000000e+00   3206s
  670548    5.0005251e+01   2.483025e+04   0.000000e+00   3213s
  670907    5.0005251e+01   5.502566e+02   0.000000e+00   3216s
  671625    5.0005253e+01   1.935701e+03   0.000000e+00   3223s
  671984    5.0005253e+01   1.559644e+04   0.000000e+00   3226s
  672702    5.0005254e+01   7.956837e+02   0.000000e+00   3233s
  673061    5.0005255e+01   6.804791e+02   0.000000e+00   3236s
  673779    5.0005256e+01   1.360950e+03   0.000000e+00   3243s
  674138    5.0005257e+01   1.205527e+03   0.000000e+00   3246s
  674856    5.0005258e+01   4.284205e+02   0.000000e+00   3253s
  675215    5.0005259e+01   2.142916e+03   0.000000e+00   3256s
  675933    5.0005260e+01   2.217441e+03   0.000000e+00   3263s
  676292    5.0005261e+01   2.460034e+02   0.000000e+00   3267s
  676651    5.0005262e+01   7.327898e+03   0.000000e+00   3270s
  677369    5.0005263e+01   4.579031e+02   0.000000e+00   3277s
  677728    5.0005263e+01   3.718728e+02   0.000000e+00   3280s
  678446    5.0005265e+01   9.225633e+02   0.000000e+00   3287s
  678805    5.0005265e+01   7.355178e+02   0.000000e+00   3291s
  679523    5.0005266e+01   1.371115e+03   0.000000e+00   3297s
  679882    5.0005267e+01   2.357687e+02   0.000000e+00   3301s
  680600    5.0005268e+01   4.601141e+02   0.000000e+00   3308s
  680959    5.0005269e+01   5.475061e+02   0.000000e+00   3311s
  681677    5.0005270e+01   8.161740e+02   0.000000e+00   3318s
  682036    5.0005270e+01   3.918915e+02   0.000000e+00   3321s
  682754    5.0005272e+01   3.037381e+03   0.000000e+00   3328s
  683113    5.0005272e+01   8.592579e+02   0.000000e+00   3331s
  683831    5.0005273e+01   3.931085e+02   0.000000e+00   3338s
  684190    5.0005274e+01   1.284932e+03   0.000000e+00   3342s
  684549    5.0005275e+01   1.449660e+03   0.000000e+00   3345s
  685267    5.0005276e+01   4.820688e+02   0.000000e+00   3352s
  685626    5.0005276e+01   3.445910e+03   0.000000e+00   3355s
  686344    5.0005277e+01   1.996237e+03   0.000000e+00   3362s
  686703    5.0005278e+01   6.019422e+02   0.000000e+00   3366s
  687421    5.0005279e+01   3.126695e+02   0.000000e+00   3373s
  687780    5.0005279e+01   1.832385e+03   0.000000e+00   3376s
  688498    5.0005280e+01   7.209838e+02   0.000000e+00   3383s
  688857    5.0005280e+01   1.038709e+03   0.000000e+00   3387s
  689216    5.0005281e+01   2.357588e+02   0.000000e+00   3390s
  689934    5.0005282e+01   3.779658e+02   0.000000e+00   3397s
  690293    5.0005282e+01   3.041541e+02   0.000000e+00   3401s
  691011    5.0005283e+01   3.422288e+02   0.000000e+00   3408s
  691370    5.0005284e+01   5.057261e+02   0.000000e+00   3411s
  692088    5.0005285e+01   2.939055e+03   0.000000e+00   3418s
  692447    5.0005286e+01   4.449753e+02   0.000000e+00   3422s
  692806    5.0005286e+01   5.307683e+02   0.000000e+00   3425s
  693524    5.0005288e+01   1.005129e+03   0.000000e+00   3432s
  693883    5.0005288e+01   3.147698e+02   0.000000e+00   3435s
  694601    5.0005289e+01   4.438249e+02   0.000000e+00   3442s
  694960    5.0005290e+01   3.365005e+02   0.000000e+00   3446s
  695678    5.0005291e+01   2.311665e+02   0.000000e+00   3453s
  696037    5.0005291e+01   3.085377e+02   0.000000e+00   3456s
  696755    5.0005293e+01   6.672931e+02   0.000000e+00   3463s
  697114    5.0005293e+01   1.552079e+03   0.000000e+00   3467s
  697473    5.0005294e+01   1.199059e+03   0.000000e+00   3470s
  698191    5.0005295e+01   2.110748e+02   0.000000e+00   3477s
  698550    5.0005295e+01   5.142155e+02   0.000000e+00   3480s
  699268    5.0005296e+01   5.155923e+03   0.000000e+00   3487s
  699627    5.0005297e+01   5.610117e+02   0.000000e+00   3491s
  700345    5.0005298e+01   7.067910e+02   0.000000e+00   3498s
  700704    5.0005299e+01   6.902247e+02   0.000000e+00   3502s
  701063    5.0005299e+01   8.832403e+02   0.000000e+00   3505s
  701781    5.0005300e+01   5.078121e+02   0.000000e+00   3513s
  702140    5.0005301e+01   5.012250e+02   0.000000e+00   3516s
  702858    5.0005302e+01   2.596494e+03   0.000000e+00   3523s
  703217    5.0005302e+01   2.891886e+02   0.000000e+00   3527s
  703576    5.0005303e+01   5.289064e+02   0.000000e+00   3531s
  704294    5.0005304e+01   2.770999e+02   0.000000e+00   3538s
  704653    5.0005304e+01   5.907494e+02   0.000000e+00   3541s
  705012    5.0005305e+01   7.803209e+02   0.000000e+00   3545s
  705730    5.0005306e+01   2.951891e+02   0.000000e+00   3552s
  706089    5.0005307e+01   2.578767e+02   0.000000e+00   3556s
  706807    5.0005308e+01   4.143962e+02   0.000000e+00   3562s
  707166    5.0005309e+01   3.747340e+02   0.000000e+00   3566s
  707884    5.0005310e+01   5.736445e+02   0.000000e+00   3573s
  708243    5.0005310e+01   7.741600e+02   0.000000e+00   3577s
  708602    5.0005311e+01   4.753666e+02   0.000000e+00   3580s
  709320    5.0005311e+01   1.250898e+03   0.000000e+00   3588s
  709679    5.0005312e+01   7.119171e+02   0.000000e+00   3591s
  710397    5.0005313e+01   2.419918e+02   0.000000e+00   3598s
  710756    5.0005313e+01   8.103929e+02   0.000000e+00   3602s
  711115    5.0005314e+01   6.313295e+02   0.000000e+00   3606s
  711833    5.0005314e+01   3.083817e+02   0.000000e+00   3613s
  712192    5.0005315e+01   1.090819e+03   0.000000e+00   3617s
  712551    5.0005315e+01   2.941869e+02   0.000000e+00   3620s
  713269    5.0005316e+01   2.973936e+02   0.000000e+00   3627s
  713628    5.0005317e+01   1.989055e+03   0.000000e+00   3631s
  714346    5.0005318e+01   4.056598e+02   0.000000e+00   3638s
  714705    5.0005318e+01   7.310063e+02   0.000000e+00   3642s
  715064    5.0005319e+01   9.175844e+02   0.000000e+00   3646s
  715782    5.0005319e+01   2.854650e+02   0.000000e+00   3653s
  716141    5.0005320e+01   2.871751e+02   0.000000e+00   3656s
  716859    5.0005321e+01   4.036646e+02   0.000000e+00   3664s
  717218    5.0005321e+01   1.040650e+03   0.000000e+00   3667s
  717577    5.0005322e+01   3.308305e+02   0.000000e+00   3671s
  718295    5.0005323e+01   7.835649e+02   0.000000e+00   3678s
  718654    5.0005323e+01   8.221950e+02   0.000000e+00   3682s
  719013    5.0005324e+01   1.832180e+02   0.000000e+00   3685s
  719731    5.0005324e+01   3.487212e+02   0.000000e+00   3693s
  720090    5.0005325e+01   5.925661e+02   0.000000e+00   3696s
  720808    5.0005326e+01   3.538107e+03   0.000000e+00   3703s
  721167    5.0005326e+01   2.616815e+02   0.000000e+00   3707s
  721526    5.0005327e+01   1.347392e+03   0.000000e+00   3711s
  722244    5.0005328e+01   3.836657e+02   0.000000e+00   3718s
  722603    5.0005328e+01   4.839898e+02   0.000000e+00   3721s
  723321    5.0005329e+01   3.309978e+02   0.000000e+00   3729s
  723680    5.0005329e+01   1.742694e+02   0.000000e+00   3732s
  724039    5.0005330e+01   5.643192e+02   0.000000e+00   3736s
  724757    5.0005331e+01   2.281042e+02   0.000000e+00   3743s
  725116    5.0005331e+01   1.296838e+02   0.000000e+00   3747s
  725475    5.0005331e+01   2.051884e+02   0.000000e+00   3750s
  726193    5.0005332e+01   2.801751e+03   0.000000e+00   3758s
  726552    5.0005332e+01   1.931289e+02   0.000000e+00   3761s
  726911    5.0005333e+01   1.815717e+02   0.000000e+00   3765s
  727629    5.0005334e+01   3.513568e+02   0.000000e+00   3772s
  727988    5.0005334e+01   1.914719e+02   0.000000e+00   3776s
  728706    5.0005335e+01   9.991575e+02   0.000000e+00   3783s
  729065    5.0005335e+01   2.435318e+02   0.000000e+00   3787s
  729424    5.0005336e+01   3.917800e+02   0.000000e+00   3791s
  730142    5.0005336e+01   4.512144e+02   0.000000e+00   3798s
  730501    5.0005337e+01   1.085069e+03   0.000000e+00   3802s
  730860    5.0005337e+01   1.501896e+03   0.000000e+00   3805s
  731578    5.0005338e+01   1.666771e+02   0.000000e+00   3813s
  731937    5.0005339e+01   2.973311e+02   0.000000e+00   3816s
  732655    5.0005339e+01   1.402442e+02   0.000000e+00   3824s
  733014    5.0005340e+01   7.204337e+02   0.000000e+00   3827s
  733373    5.0005340e+01   1.571534e+02   0.000000e+00   3831s
  734091    5.0005341e+01   1.312725e+04   0.000000e+00   3838s
  734450    5.0005341e+01   9.861373e+02   0.000000e+00   3842s
  734809    5.0005342e+01   1.354191e+03   0.000000e+00   3845s
  735527    5.0005342e+01   1.316861e+02   0.000000e+00   3853s
  735886    5.0005343e+01   8.308377e+02   0.000000e+00   3856s
  736245    5.0005343e+01   3.836563e+02   0.000000e+00   3860s
  736963    5.0005344e+01   1.750254e+02   0.000000e+00   3867s
  737322    5.0005344e+01   3.057965e+02   0.000000e+00   3871s
  738040    5.0005345e+01   3.343273e+02   0.000000e+00   3879s
  738399    5.0005345e+01   3.456387e+02   0.000000e+00   3882s
  738758    5.0005345e+01   1.487154e+02   0.000000e+00   3886s
  739476    5.0005346e+01   4.279835e+02   0.000000e+00   3893s
  739835    5.0005346e+01   2.608065e+02   0.000000e+00   3897s
  740194    5.0005347e+01   1.112955e+02   0.000000e+00   3901s
  740912    5.0005347e+01   2.911116e+02   0.000000e+00   3908s
  741271    5.0005348e+01   2.721139e+02   0.000000e+00   3912s
  741630    5.0005348e+01   1.356163e+02   0.000000e+00   3916s
  742348    5.0005349e+01   1.572303e+02   0.000000e+00   3923s
  742707    5.0005349e+01   2.683107e+02   0.000000e+00   3927s
  743066    5.0005349e+01   6.331403e+02   0.000000e+00   3931s
  743784    5.0005350e+01   7.577853e+02   0.000000e+00   3938s
  744143    5.0005350e+01   8.717728e+02   0.000000e+00   3942s
  744502    5.0005350e+01   2.100178e+03   0.000000e+00   3945s
  745220    5.0005351e+01   2.249896e+02   0.000000e+00   3953s
  745579    5.0005351e+01   3.609575e+02   0.000000e+00   3957s
  745938    5.0005352e+01   2.261911e+02   0.000000e+00   3960s
  746656    5.0005352e+01   8.640812e+01   0.000000e+00   3968s
  747015    5.0005353e+01   2.154188e+02   0.000000e+00   3972s
  747374    5.0005353e+01   3.355645e+02   0.000000e+00   3975s
  748092    5.0005353e+01   2.454513e+02   0.000000e+00   3983s
  748451    5.0005354e+01   5.646257e+02   0.000000e+00   3986s
  748810    5.0005354e+01   1.927307e+02   0.000000e+00   3990s
  749528    5.0005355e+01   6.002289e+02   0.000000e+00   3998s
  749887    5.0005355e+01   4.761499e+02   0.000000e+00   4001s
  750246    5.0005355e+01   6.987960e+02   0.000000e+00   4005s
  750964    5.0005356e+01   4.599615e+02   0.000000e+00   4013s
  751323    5.0005356e+01   3.311504e+02   0.000000e+00   4016s
  751682    5.0005357e+01   1.474262e+02   0.000000e+00   4020s
  752400    5.0005357e+01   3.016278e+02   0.000000e+00   4028s
  752759    5.0005357e+01   6.957009e+02   0.000000e+00   4031s
  753118    5.0005358e+01   1.114615e+02   0.000000e+00   4035s
  753836    5.0005358e+01   1.120760e+02   0.000000e+00   4043s
  754195    5.0005359e+01   7.611923e+02   0.000000e+00   4046s
  754913    5.0005359e+01   2.323714e+02   0.000000e+00   4054s
  755272    5.0005359e+01   1.542657e+02   0.000000e+00   4057s
  755631    5.0005360e+01   3.184745e+02   0.000000e+00   4061s
  756349    5.0005360e+01   4.559164e+02   0.000000e+00   4069s
  756708    5.0005361e+01   1.395930e+02   0.000000e+00   4072s
  757067    5.0005361e+01   1.153651e+02   0.000000e+00   4076s
  757785    5.0005361e+01   3.328974e+02   0.000000e+00   4084s
  758144    5.0005362e+01   8.476181e+01   0.000000e+00   4087s
  758503    5.0005362e+01   2.523021e+02   0.000000e+00   4091s
  759221    5.0005363e+01   4.040461e+03   0.000000e+00   4098s
  759580    5.0005363e+01   3.700473e+02   0.000000e+00   4102s
  759939    5.0005363e+01   4.091818e+02   0.000000e+00   4106s
  760657    5.0005364e+01   6.954234e+02   0.000000e+00   4113s
  761016    5.0005364e+01   6.216055e+02   0.000000e+00   4117s
  761375    5.0005364e+01   3.121483e+02   0.000000e+00   4121s
  762093    5.0005365e+01   5.192014e+02   0.000000e+00   4128s
  762452    5.0005365e+01   3.428714e+03   0.000000e+00   4132s
  762811    5.0005365e+01   1.551022e+02   0.000000e+00   4136s
  763529    5.0005366e+01   1.301466e+03   0.000000e+00   4143s
  763888    5.0005366e+01   2.762266e+02   0.000000e+00   4147s
  764247    5.0005366e+01   6.514407e+02   0.000000e+00   4151s
  764965    5.0005367e+01   1.800734e+02   0.000000e+00   4158s
  765324    5.0005367e+01   1.420752e+02   0.000000e+00   4162s
  765683    5.0005367e+01   2.692809e+02   0.000000e+00   4166s
  766401    5.0005368e+01   2.517315e+02   0.000000e+00   4173s
  766760    5.0005368e+01   7.231460e+02   0.000000e+00   4177s
  767119    5.0005368e+01   1.542356e+02   0.000000e+00   4181s
  767837    5.0005369e+01   1.789932e+02   0.000000e+00   4188s
  768196    5.0005369e+01   1.750668e+02   0.000000e+00   4192s
  768555    5.0005369e+01   1.456454e+02   0.000000e+00   4196s
  769273    5.0005370e+01   4.261996e+02   0.000000e+00   4203s
  769632    5.0005370e+01   1.614603e+02   0.000000e+00   4207s
  769991    5.0005370e+01   1.939057e+02   0.000000e+00   4211s
  770709    5.0005371e+01   1.004760e+02   0.000000e+00   4219s
  771068    5.0005371e+01   1.533289e+02   0.000000e+00   4222s
  771427    5.0005371e+01   6.239504e+02   0.000000e+00   4226s
  772145    5.0005371e+01   1.453936e+02   0.000000e+00   4233s
  772504    5.0005372e+01   1.305552e+02   0.000000e+00   4237s
  772863    5.0005372e+01   3.592885e+02   0.000000e+00   4241s
  773581    5.0005372e+01   1.043187e+02   0.000000e+00   4248s
  773940    5.0005373e+01   4.430550e+02   0.000000e+00   4252s
  774299    5.0005373e+01   2.707690e+02   0.000000e+00   4256s
  775017    5.0005373e+01   5.114078e+02   0.000000e+00   4263s
  775376    5.0005373e+01   2.682337e+02   0.000000e+00   4267s
  775735    5.0005374e+01   3.869342e+02   0.000000e+00   4271s
  776453    5.0005374e+01   1.082415e+02   0.000000e+00   4278s
  776812    5.0005374e+01   1.259765e+03   0.000000e+00   4282s
  777171    5.0005374e+01   2.289304e+02   0.000000e+00   4286s
  777889    5.0005375e+01   2.504667e+02   0.000000e+00   4293s
  778248    5.0005375e+01   1.935657e+02   0.000000e+00   4297s
  778607    5.0005375e+01   9.518626e+01   0.000000e+00   4301s
  779325    5.0005376e+01   2.510030e+02   0.000000e+00   4308s
  779684    5.0005376e+01   1.942504e+02   0.000000e+00   4312s
  780043    5.0005376e+01   4.743547e+02   0.000000e+00   4316s
  780761    5.0005376e+01   3.047559e+02   0.000000e+00   4323s
  781120    5.0005377e+01   3.489569e+02   0.000000e+00   4327s
  781479    5.0005377e+01   1.392936e+03   0.000000e+00   4331s
  782197    5.0005377e+01   1.065048e+02   0.000000e+00   4338s
  782556    5.0005378e+01   9.238852e+01   0.000000e+00   4342s
  782915    5.0005378e+01   6.814041e+02   0.000000e+00   4346s
  783633    5.0005378e+01   3.564929e+02   0.000000e+00   4353s
  783992    5.0005378e+01   1.368686e+02   0.000000e+00   4357s
  784351    5.0005379e+01   1.549660e+02   0.000000e+00   4361s
  785069    5.0005379e+01   4.122869e+02   0.000000e+00   4368s
  785428    5.0005379e+01   2.883652e+02   0.000000e+00   4372s
  785787    5.0005379e+01   3.071918e+02   0.000000e+00   4376s
  786505    5.0005380e+01   2.888318e+01   0.000000e+00   4383s
  786864    5.0005380e+01   2.594903e+02   0.000000e+00   4387s
  787223    5.0005380e+01   1.098721e+02   0.000000e+00   4391s
  787941    5.0005381e+01   1.828373e+02   0.000000e+00   4398s
  788300    5.0005381e+01   2.897251e+02   0.000000e+00   4402s
  788659    5.0005381e+01   5.440044e+01   0.000000e+00   4406s
  789377    5.0005382e+01   6.431217e+02   0.000000e+00   4413s
  789736    5.0005382e+01   2.710090e+02   0.000000e+00   4417s
  790095    5.0005382e+01   4.936405e+01   0.000000e+00   4421s
  790813    5.0005382e+01   1.682649e+02   0.000000e+00   4428s
  791172    5.0005383e+01   7.752571e+02   0.000000e+00   4432s
  791531    5.0005383e+01   5.720289e+01   0.000000e+00   4436s
  792249    5.0005383e+01   7.548330e+01   0.000000e+00   4443s
  792608    5.0005383e+01   8.111708e+01   0.000000e+00   4447s
  792967    5.0005383e+01   1.219299e+02   0.000000e+00   4450s
  793685    5.0005384e+01   1.491261e+02   0.000000e+00   4458s
  794044    5.0005384e+01   1.698145e+02   0.000000e+00   4462s
  794403    5.0005384e+01   6.964682e+02   0.000000e+00   4465s
  795121    5.0005385e+01   4.246685e+02   0.000000e+00   4473s
  795480    5.0005385e+01   7.313340e+01   0.000000e+00   4477s
  795839    5.0005385e+01   1.526457e+02   0.000000e+00   4480s
  796557    5.0005385e+01   3.154450e+02   0.000000e+00   4488s
  796916    5.0005386e+01   5.563098e+01   0.000000e+00   4491s
  797275    5.0005386e+01   8.201026e+01   0.000000e+00   4495s
  797993    5.0005386e+01   2.201268e+02   0.000000e+00   4503s
  798352    5.0005386e+01   2.764830e+02   0.000000e+00   4506s
  798711    5.0005386e+01   3.116503e+02   0.000000e+00   4510s
  799429    5.0005387e+01   5.331394e+02   0.000000e+00   4518s
  799788    5.0005387e+01   8.304423e+01   0.000000e+00   4521s
  800506    5.0005387e+01   1.242338e+02   0.000000e+00   4529s
  800865    5.0005388e+01   7.649875e+01   0.000000e+00   4532s
  801224    5.0005388e+01   5.695322e+01   0.000000e+00   4536s
  801942    5.0005388e+01   5.352766e+02   0.000000e+00   4544s
  802301    5.0005388e+01   2.199018e+03   0.000000e+00   4547s
  802660    5.0005388e+01   6.952522e+02   0.000000e+00   4551s
  803378    5.0005389e+01   8.101560e+01   0.000000e+00   4559s
  803737    5.0005389e+01   6.754467e+01   0.000000e+00   4562s
  804096    5.0005389e+01   4.871534e+01   0.000000e+00   4566s
  804814    5.0005389e+01   5.757078e+01   0.000000e+00   4574s
  805173    5.0005390e+01   5.305353e+01   0.000000e+00   4577s
  805532    5.0005390e+01   4.675823e+02   0.000000e+00   4581s
  806250    5.0005390e+01   5.875607e+01   0.000000e+00   4589s
  806609    5.0005390e+01   4.094399e+01   0.000000e+00   4592s
  806968    5.0005390e+01   1.299927e+02   0.000000e+00   4596s
  807686    5.0005391e+01   4.261824e+01   0.000000e+00   4604s
  808045    5.0005391e+01   2.024307e+02   0.000000e+00   4608s
  808404    5.0005391e+01   4.315297e+02   0.000000e+00   4611s
  808763    5.0005391e+01   7.661821e+01   0.000000e+00   4615s
  809481    5.0005392e+01   7.559865e+01   0.000000e+00   4622s
  809840    5.0005392e+01   7.024048e+01   0.000000e+00   4626s
  810558    5.0005392e+01   4.090016e+02   0.000000e+00   4634s
  810917    5.0005392e+01   5.843190e+01   0.000000e+00   4637s
  811276    5.0005392e+01   5.134562e+01   0.000000e+00   4641s
  811994    5.0005393e+01   1.114203e+02   0.000000e+00   4649s
  812353    5.0005393e+01   7.113026e+01   0.000000e+00   4652s
  812712    5.0005393e+01   3.932467e+02   0.000000e+00   4656s
  813430    5.0005393e+01   9.608365e+01   0.000000e+00   4663s
  813789    5.0005393e+01   1.934758e+02   0.000000e+00   4667s
  814148    5.0005394e+01   3.784358e+01   0.000000e+00   4671s
  814866    5.0005394e+01   8.633575e+01   0.000000e+00   4678s
  815225    5.0005394e+01   1.605371e+02   0.000000e+00   4682s
  815584    5.0005394e+01   6.394553e+01   0.000000e+00   4686s
  816302    5.0005394e+01   2.058055e+02   0.000000e+00   4693s
  816661    5.0005394e+01   1.052361e+03   0.000000e+00   4697s
  817020    5.0005395e+01   2.376662e+02   0.000000e+00   4701s
  817738    5.0005395e+01   3.596058e+02   0.000000e+00   4708s
  818097    5.0005395e+01   3.732313e+01   0.000000e+00   4712s
  818456    5.0005395e+01   1.480860e+03   0.000000e+00   4716s
  819174    5.0005396e+01   3.660287e+01   0.000000e+00   4723s
  819533    5.0005396e+01   9.420235e+01   0.000000e+00   4727s
  819892    5.0005396e+01   6.333084e+01   0.000000e+00   4730s
  820610    5.0005396e+01   6.780696e+02   0.000000e+00   4738s
  820969    5.0005396e+01   1.367847e+02   0.000000e+00   4742s
  821328    5.0005396e+01   4.746766e+01   0.000000e+00   4745s
  822046    5.0005397e+01   5.693682e+01   0.000000e+00   4753s
  822405    5.0005397e+01   3.962270e+02   0.000000e+00   4756s
  822764    5.0005397e+01   1.595462e+02   0.000000e+00   4760s
  823482    5.0005397e+01   5.023705e+01   0.000000e+00   4768s
  823841    5.0005397e+01   3.968442e+01   0.000000e+00   4771s
  824200    5.0005397e+01   4.404443e+01   0.000000e+00   4775s
  824918    5.0005397e+01   2.313311e+01   0.000000e+00   4783s
  825277    5.0005398e+01   6.675287e+01   0.000000e+00   4786s
  825636    5.0005398e+01   3.240534e+01   0.000000e+00   4790s
  826354    5.0005398e+01   4.571664e+01   0.000000e+00   4798s
  826713    5.0005398e+01   1.246173e+02   0.000000e+00   4801s
  827072    5.0005398e+01   8.014951e+01   0.000000e+00   4805s
  827790    5.0005398e+01   5.365096e+01   0.000000e+00   4813s
  828149    5.0005398e+01   6.822945e+01   0.000000e+00   4817s
  828508    5.0005399e+01   1.774346e+02   0.000000e+00   4820s
  829226    5.0005399e+01   1.189548e+02   0.000000e+00   4828s
  829585    5.0005399e+01   1.224533e+02   0.000000e+00   4832s
  829944    5.0005399e+01   3.756560e+02   0.000000e+00   4835s
  830662    5.0005399e+01   1.709329e+02   0.000000e+00   4843s
  831021    5.0005399e+01   3.039992e+01   0.000000e+00   4847s
  831380    5.0005399e+01   9.210065e+01   0.000000e+00   4850s
  832098    5.0005400e+01   1.116767e+02   0.000000e+00   4858s
  832457    5.0005400e+01   3.364032e+01   0.000000e+00   4862s
  832816    5.0005400e+01   3.709434e+01   0.000000e+00   4865s
  833534    5.0005400e+01   1.561421e+02   0.000000e+00   4873s
  833893    5.0005400e+01   3.701113e+01   0.000000e+00   4876s
  834252    5.0005400e+01   9.903986e+01   0.000000e+00   4880s
  834970    5.0005401e+01   3.228880e+02   0.000000e+00   4888s
  835329    5.0005401e+01   7.483499e+01   0.000000e+00   4891s
  835688    5.0005401e+01   9.177847e+01   0.000000e+00   4895s
  836406    5.0005401e+01   1.173839e+02   0.000000e+00   4903s
  836765    5.0005401e+01   4.497193e+03   0.000000e+00   4906s
  837124    5.0005401e+01   5.736112e+01   0.000000e+00   4910s
  837842    5.0005401e+01   5.380584e+01   0.000000e+00   4918s
  838201    5.0005402e+01   3.043671e+02   0.000000e+00   4921s
  838560    5.0005402e+01   1.358919e+02   0.000000e+00   4925s
  839278    5.0005402e+01   1.649916e+02   0.000000e+00   4933s
  839637    5.0005402e+01   3.937325e+02   0.000000e+00   4936s
  839996    5.0005402e+01   1.149634e+03   0.000000e+00   4940s
  840714    5.0005403e+01   7.974647e+03   0.000000e+00   4947s
  841073    5.0005404e+01   1.859493e+03   0.000000e+00   4951s
  841791    5.0005405e+01   2.469913e+03   0.000000e+00   4958s
  842150    5.0005406e+01   8.178323e+02   0.000000e+00   4962s
  842509    5.0005406e+01   1.417759e+03   0.000000e+00   4965s
  843227    5.0005406e+01   1.376139e+02   0.000000e+00   4973s
  843586    5.0005407e+01   8.405943e+02   0.000000e+00   4976s
  844304    5.0005407e+01   2.753704e+02   0.000000e+00   4984s
  844663    5.0005407e+01   1.623288e+02   0.000000e+00   4987s
  845022    5.0005407e+01   1.403100e+03   0.000000e+00   4991s
  845740    5.0005407e+01   1.637831e+01   0.000000e+00   4998s
  846099    5.0005407e+01   3.485289e+00   0.000000e+00   5002s
  846457    5.0005407e+01   0.000000e+00   0.000000e+00   5005s

Root relaxation: objective 5.000000e+01, 846457 iterations, 5003.03 seconds
Total elapsed time = 5364.62s
Total elapsed time = 5779.64s
Total elapsed time = 6661.60s
Total elapsed time = 7061.84s

    Nodes    |    Current Node    |     Objective Bounds      |     Work
 Expl Unexpl |  Obj  Depth IntInf | Incumbent    BestBd   Gap | It/Node Time

     0     0   50.00000    0   80          -   50.00000      -     - 7348s
H    0     0                    681844.00000   50.00000   100%     - 7353s
     0     0   50.00000    0  390 681844.000   50.00000   100%     - 9166s
H    0     0                    8527.0000000   50.00000  99.4%     - 9173s
     0     0   50.00000    0  836 8527.00000   50.00000  99.4%     - 13338s
     0     0   50.00000    0  675 8527.00000   50.00000  99.4%     - 19301s
     0     0   50.00000    0  561 8527.00000   50.00000  99.4%     - 23720s
     0     0   50.00000    0  120 8527.00000   50.00000  99.4%     - 35622s
     0     0   50.00000    0  121 8527.00000   50.00000  99.4%     - 35639s
     0     0   50.00000    0  415 8527.00000   50.00000  99.4%     - 42451s
     0     0   50.00000    0  961 8527.00000   50.00000  99.4%     - 48102s
     0     0   50.00000    0  210 8527.00000   50.00000  99.4%     - 57370s
     0     0   50.00000    0  997 8527.00000   50.00000  99.4%     - 62097s
     0     0   50.00000    0  135 8527.00000   50.00000  99.4%     - 71532s
     0     0   50.00000    0  135 8527.00000   50.00000  99.4%     - 72339s

Cutting planes:
  Gomory: 4
  Cover: 59
  Implied bound: 118
  MIR: 323
  Flow cover: 281

Explored 0 nodes (12534663 simplex iterations) in 79999.80 seconds
Thread count was 8 (of 8 available processors)

Solve interrupted
Best objective 8.527000000000e+03, best bound 5.000000000000e+01, gap 99.4136%

Solution:
0 49 45 30 29 28 27 26 25 24 23 22 21 20 19 18 17 16 15 14 13 12 11 10 9 8 7 6 5 4 3 2 44 
0 0 0 0 0 0 0 0 0 0 0 0 0 0 0 0 0 0 0 0 0 0 0 0 0 0 0 0 0 0 0 0 0 

Cost: 8527
Lower Bound: 50
