Optimize a model with 7551 rows, 127449 columns and 386560 nonzeros
Model has 2450 quadratic objective terms
Model has 2500 quadratic constraints
Coefficient statistics:
  Matrix range    [1e+00, 1e+03]
  Objective range [0e+00, 0e+00]
  Bounds range    [1e+00, 5e+01]
  RHS range       [1e+00, 1e+04]
Presolve removed 199 rows and 7202 columns
Presolve time: 0.61s
Presolved: 473494 rows, 353293 columns, 1756027 nonzeros
Variable types: 235496 continuous, 117797 integer (117748 binary)

Root simplex log...

Iteration    Objective       Primal Inf.    Dual Inf.      Time
   47996    7.4201125e-04   4.445098e+03   0.000000e+00      5s
   73533    1.1869059e-03   9.239315e+03   0.000000e+00     10s
   82874    1.2950668e-03   6.037177e+03   0.000000e+00     15s
   87882    1.3440248e-03   9.026237e+03   0.000000e+00     20s
   91113    1.3775216e-03   3.231567e+04   0.000000e+00     26s
   93267    1.3973280e-03   2.153326e+04   0.000000e+00     31s
   95436    1.4169818e-03   1.800347e+04   0.000000e+00     36s
   97949    1.4426787e-03   2.708197e+04   0.000000e+00     40s
  100462    1.4624974e-03   1.805717e+04   0.000000e+00     45s
  106231    1.4906988e-03   8.527121e+03   0.000000e+00     50s
  111257    1.5132879e-03   6.964671e+03   0.000000e+00     55s
  115924    1.5356867e-03   6.616155e+03   0.000000e+00     61s
  119514    1.5517474e-03   1.050563e+04   0.000000e+00     65s
  122745    1.5654164e-03   7.515628e+03   0.000000e+00     71s
  125258    1.5744163e-03   1.279119e+04   0.000000e+00     76s
  128489    1.5831878e-03   7.083196e+03   0.000000e+00     81s
  131720    1.5942135e-03   1.441044e+04   0.000000e+00     85s
  134592    1.6084469e-03   1.572317e+04   0.000000e+00     90s
  137823    1.6205540e-03   2.956457e+04   0.000000e+00     95s
  140336    1.6271282e-03   3.435340e+04   0.000000e+00    100s
  143567    1.6349538e-03   4.106050e+04   0.000000e+00    106s
  146798    1.6419188e-03   1.203123e+04   0.000000e+00    110s
  149311    1.6479232e-03   3.039964e+04   0.000000e+00    116s
  151465    1.6523388e-03   9.073307e+03   0.000000e+00    120s
  153978    1.6597029e-03   2.255372e+04   0.000000e+00    126s
  156850    1.6702686e-03   1.821095e+04   0.000000e+00    131s
  159363    1.6774123e-03   9.447715e+03   0.000000e+00    135s
  161876    1.6852585e-03   1.325662e+04   0.000000e+00    141s
  164389    1.6907689e-03   1.100202e+04   0.000000e+00    145s
  166543    1.6952372e-03   4.199062e+04   0.000000e+00    150s
  168338    1.7267056e-03   8.695017e+03   0.000000e+00    155s
  169774    1.7465659e-03   1.885923e+04   0.000000e+00    160s
  171210    1.7583499e-03   3.560543e+04   0.000000e+00    166s
  172287    1.7677421e-03   3.484174e+04   0.000000e+00    171s
  174082    1.8051875e-03   8.183183e+03   0.000000e+00    175s
  175518    1.8178310e-03   1.001782e+04   0.000000e+00    180s
  177313    1.8455096e-03   9.217937e+03   0.000000e+00    186s
  179108    1.8693704e-03   3.236629e+04   0.000000e+00    191s
  180185    1.8767448e-03   4.346176e+04   0.000000e+00    196s
  181621    1.8979049e-03   5.186463e+04   0.000000e+00    201s
  183775    6.1001948e+01   6.882028e+04   0.000000e+00    205s
  185211    6.1001957e+01   3.276381e+04   0.000000e+00    211s
  186288    6.1001970e+01   2.587665e+04   0.000000e+00    215s
  187724    6.1001986e+01   4.693183e+04   0.000000e+00    220s
  189878    6.1002019e+01   1.310995e+04   0.000000e+00    227s
  190955    6.1002030e+01   3.872047e+04   0.000000e+00    230s
  192391    6.1002044e+01   2.008386e+04   0.000000e+00    236s
  193827    6.1002050e+01   4.069060e+04   0.000000e+00    242s
  195622    6.1002097e+01   8.619804e+04   0.000000e+00    246s
  196699    6.1002102e+01   9.654994e+04   0.000000e+00    250s
  198494    6.1002113e+01   5.898192e+03   0.000000e+00    257s
  199571    6.1002119e+01   6.635477e+04   0.000000e+00    261s
  200648    6.1002123e+01   3.264514e+04   0.000000e+00    266s
  201725    6.1002127e+01   6.999717e+04   0.000000e+00    270s
  202802    6.1002132e+01   9.181465e+04   0.000000e+00    275s
  204956    6.1002152e+01   1.684356e+04   0.000000e+00    281s
  206392    6.1002169e+01   2.078986e+04   0.000000e+00    285s
  208546    6.1002229e+01   2.405625e+04   0.000000e+00    290s
  210700    6.1002257e+01   6.469061e+03   0.000000e+00    295s
  212495    6.1002271e+01   6.743770e+03   0.000000e+00    300s
  214649    6.1002307e+01   8.966297e+03   0.000000e+00    306s
  216803    6.1002334e+01   5.045083e+04   0.000000e+00    312s
  217880    6.1002340e+01   8.560478e+03   0.000000e+00    315s
  219316    6.1002345e+01   5.286221e+04   0.000000e+00    321s
  220393    6.1002349e+01   1.636782e+04   0.000000e+00    325s
  223265    6.1002386e+01   9.266872e+03   0.000000e+00    330s
  224701    6.1002409e+01   1.119418e+04   0.000000e+00    336s
  226496    6.1002421e+01   4.301227e+04   0.000000e+00    341s
  227573    6.1002424e+01   1.202948e+04   0.000000e+00    346s
  229009    6.1002435e+01   5.923727e+04   0.000000e+00    351s
  230086    6.1002441e+01   2.964873e+04   0.000000e+00    355s
  232599    6.1002466e+01   4.756716e+04   0.000000e+00    362s
  233676    6.1002470e+01   4.071169e+04   0.000000e+00    366s
  234753    6.1002475e+01   5.990640e+04   0.000000e+00    371s
  236548    6.1002489e+01   2.350975e+04   0.000000e+00    376s
  239061    6.1002563e+01   3.125397e+04   0.000000e+00    380s
  240856    6.1002582e+01   3.971427e+04   0.000000e+00    386s
  242292    6.1002589e+01   1.537962e+04   0.000000e+00    391s
  243728    6.1002602e+01   1.292433e+05   0.000000e+00    396s
  245164    6.1002617e+01   1.482610e+05   0.000000e+00    400s
  246600    6.1002624e+01   2.537614e+04   0.000000e+00    406s
  248395    6.1002664e+01   6.541873e+03   0.000000e+00    411s
  250908    6.1002746e+01   5.896871e+04   0.000000e+00    416s
  252344    6.1002756e+01   2.195616e+04   0.000000e+00    421s
  253421    6.1002760e+01   1.686456e+04   0.000000e+00    425s
  254857    6.1002768e+01   1.982182e+04   0.000000e+00    431s
  256293    6.1002777e+01   2.594411e+04   0.000000e+00    435s
  257729    6.1002787e+01   1.067272e+04   0.000000e+00    441s
  259165    6.1002795e+01   9.227418e+03   0.000000e+00    446s
  260242    6.1002799e+01   5.377413e+04   0.000000e+00    451s
  261678    6.1002810e+01   8.568295e+04   0.000000e+00    455s
  263114    6.1002816e+01   9.227514e+04   0.000000e+00    461s
  264191    6.1002819e+01   1.038717e+04   0.000000e+00    466s
  265268    6.1002823e+01   6.255597e+03   0.000000e+00    471s
  266345    6.1002826e+01   1.446776e+04   0.000000e+00    475s
  268140    6.1002845e+01   5.403494e+03   0.000000e+00    480s
  269576    6.1002852e+01   6.834656e+04   0.000000e+00    486s
  270653    6.1002855e+01   1.562523e+04   0.000000e+00    491s
  271730    6.1002859e+01   2.083727e+04   0.000000e+00    496s
  272807    6.1002863e+01   6.808503e+04   0.000000e+00    500s
  274602    6.1002874e+01   6.808180e+03   0.000000e+00    506s
  275679    6.1002879e+01   1.297100e+04   0.000000e+00    511s
  277115    6.1002890e+01   1.076922e+05   0.000000e+00    516s
  278192    6.1002894e+01   5.314682e+03   0.000000e+00    521s
  279269    6.1002896e+01   1.485342e+04   0.000000e+00    525s
  280705    6.1002900e+01   1.877340e+04   0.000000e+00    531s
  281782    6.1002903e+01   1.309080e+05   0.000000e+00    536s
  283577    6.1002921e+01   3.828087e+04   0.000000e+00    540s
  284654    6.1002924e+01   1.432466e+04   0.000000e+00    545s
  286090    6.1002934e+01   1.937748e+04   0.000000e+00    551s
  287167    6.1002937e+01   1.155516e+04   0.000000e+00    556s
  288603    6.1002944e+01   3.383180e+04   0.000000e+00    560s
  290039    6.1002951e+01   2.339247e+04   0.000000e+00    566s
  291116    6.1002956e+01   6.206029e+04   0.000000e+00    570s
  292552    6.1002964e+01   3.090967e+04   0.000000e+00    577s
  293629    6.1002967e+01   1.695753e+04   0.000000e+00    581s
  294706    6.1002970e+01   3.236816e+03   0.000000e+00    585s
  296142    6.1002976e+01   5.015755e+04   0.000000e+00    591s
  297578    6.1002988e+01   5.036290e+03   0.000000e+00    597s
  298296    6.1002989e+01   7.599722e+04   0.000000e+00    600s
  300091    6.1002997e+01   9.041509e+03   0.000000e+00    607s
  301168    6.1003000e+01   1.949358e+04   0.000000e+00    611s
  302245    6.1003002e+01   7.091262e+03   0.000000e+00    616s
  303322    6.1003007e+01   1.017815e+04   0.000000e+00    620s
  304758    6.1003017e+01   1.759734e+05   0.000000e+00    626s
  305835    6.1003020e+01   5.692539e+04   0.000000e+00    631s
  306912    6.1003027e+01   4.218865e+04   0.000000e+00    636s
  308348    6.1003032e+01   9.100545e+03   0.000000e+00    641s
  309425    6.1003035e+01   5.803654e+04   0.000000e+00    646s
  310502    6.1003039e+01   2.637399e+04   0.000000e+00    650s
  312297    6.1003052e+01   5.640935e+04   0.000000e+00    656s
  313374    6.1003056e+01   1.256541e+04   0.000000e+00    661s
  314810    6.1003060e+01   2.918947e+04   0.000000e+00    666s
  315887    6.1003063e+01   5.084930e+03   0.000000e+00    671s
  316964    6.1003068e+01   1.993586e+04   0.000000e+00    676s
  318400    6.1003076e+01   9.278626e+03   0.000000e+00    681s
  319477    6.1003081e+01   3.734849e+04   0.000000e+00    686s
  320554    6.1003083e+01   1.482896e+04   0.000000e+00    691s
  321990    6.1003099e+01   6.638559e+04   0.000000e+00    696s
  323067    6.1003101e+01   1.140699e+04   0.000000e+00    701s
  324144    6.1003103e+01   1.472016e+04   0.000000e+00    706s
  325580    6.1003111e+01   5.714654e+04   0.000000e+00    711s
  327016    6.1003116e+01   3.439594e+04   0.000000e+00    717s
  327734    6.1003118e+01   1.238134e+04   0.000000e+00    720s
  329170    6.1003121e+01   1.656399e+04   0.000000e+00    726s
  330247    6.1003124e+01   1.142235e+04   0.000000e+00    731s
  332042    6.1003138e+01   5.699020e+03   0.000000e+00    736s
  333119    6.1003141e+01   1.113946e+04   0.000000e+00    740s
  334555    6.1003152e+01   3.114473e+04   0.000000e+00    746s
  335632    6.1003155e+01   1.585526e+04   0.000000e+00    751s
  336709    6.1003158e+01   2.487172e+04   0.000000e+00    755s
  337786    6.1003159e+01   1.356919e+04   0.000000e+00    761s
  338863    6.1003162e+01   1.776658e+04   0.000000e+00    765s
  339940    6.1003164e+01   1.069614e+04   0.000000e+00    770s
  341017    6.1003166e+01   2.285019e+04   0.000000e+00    776s
  342094    6.1003167e+01   3.619811e+04   0.000000e+00    781s
  343171    6.1003170e+01   1.150848e+04   0.000000e+00    786s
  344248    6.1003172e+01   1.347250e+04   0.000000e+00    791s
  345325    6.1003174e+01   1.878115e+04   0.000000e+00    795s
  346402    6.1003176e+01   8.055167e+03   0.000000e+00    800s
  347479    6.1003178e+01   2.763653e+04   0.000000e+00    806s
  348556    6.1003181e+01   4.474966e+04   0.000000e+00    811s
  349633    6.1003192e+01   1.986812e+05   0.000000e+00    815s
  351069    6.1003197e+01   5.671980e+03   0.000000e+00    821s
  352864    6.1003213e+01   1.514044e+04   0.000000e+00    827s
  353941    6.1003218e+01   1.899340e+04   0.000000e+00    831s
  355377    6.1003228e+01   2.460116e+04   0.000000e+00    836s
  356454    6.1003230e+01   1.457004e+04   0.000000e+00    842s
  357172    6.1003231e+01   1.953136e+04   0.000000e+00    846s
  358249    6.1003233e+01   6.043754e+03   0.000000e+00    851s
  359326    6.1003235e+01   1.484537e+04   0.000000e+00    856s
  360403    6.1003238e+01   2.277764e+04   0.000000e+00    861s
  361480    6.1003240e+01   1.527432e+04   0.000000e+00    866s
  362557    6.1003243e+01   1.140552e+04   0.000000e+00    871s
  363634    6.1003245e+01   6.105919e+03   0.000000e+00    875s
  364711    6.1003247e+01   1.040319e+04   0.000000e+00    880s
  366147    6.1003252e+01   1.674214e+04   0.000000e+00    886s
  367224    6.1003255e+01   1.191985e+04   0.000000e+00    891s
  368301    6.1003258e+01   3.264790e+04   0.000000e+00    896s
  369378    6.1003263e+01   1.249638e+04   0.000000e+00    900s
  370814    6.1003266e+01   1.262803e+05   0.000000e+00    906s
  371891    6.1003268e+01   1.897639e+04   0.000000e+00    911s
  372968    6.1003276e+01   3.248010e+04   0.000000e+00    916s
  373686    6.1003278e+01   3.750878e+04   0.000000e+00    920s
  374763    6.1003280e+01   2.353286e+04   0.000000e+00    926s
  375840    6.1003282e+01   2.255180e+04   0.000000e+00    932s
  376558    6.1003283e+01   9.941769e+03   0.000000e+00    936s
  377635    6.1003285e+01   2.514908e+05   0.000000e+00    941s
  378712    6.1003288e+01   2.277107e+04   0.000000e+00    947s
  379789    6.1003290e+01   1.876676e+04   0.000000e+00    952s
  380507    6.1003292e+01   9.697011e+03   0.000000e+00    955s
  381584    6.1003295e+01   3.276560e+04   0.000000e+00    961s
  382661    6.1003297e+01   4.149631e+03   0.000000e+00    966s
  383738    6.1003299e+01   1.084679e+04   0.000000e+00    972s
  384456    6.1003300e+01   1.614880e+04   0.000000e+00    976s
  385533    6.1003304e+01   6.302662e+03   0.000000e+00    982s
  386251    6.1003306e+01   8.313836e+03   0.000000e+00    985s
  387328    6.1003311e+01   8.038223e+03   0.000000e+00    991s
  388405    6.1003313e+01   6.358529e+03   0.000000e+00    997s
  389123    6.1003314e+01   1.121292e+04   0.000000e+00   1001s
  390200    6.1003337e+01   4.192049e+04   0.000000e+00   1005s
  391636    6.1003367e+01   5.376582e+03   0.000000e+00   1012s
  392713    6.1003385e+01   1.690118e+04   0.000000e+00   1016s
  393790    6.1003395e+01   1.916176e+04   0.000000e+00   1021s
  394867    6.1003406e+01   5.136675e+03   0.000000e+00   1027s
  395585    6.1003414e+01   7.128856e+03   0.000000e+00   1031s
  396662    6.1003424e+01   1.263582e+04   0.000000e+00   1036s
  397380    6.1003429e+01   9.609977e+03   0.000000e+00   1041s
  398457    6.1003445e+01   7.464787e+03   0.000000e+00   1047s
  399175    6.1003454e+01   1.990270e+04   0.000000e+00   1050s
  400252    6.1003464e+01   7.372129e+03   0.000000e+00   1055s
  401329    6.1003470e+01   5.348032e+03   0.000000e+00   1062s
  402047    6.1003475e+01   7.982864e+04   0.000000e+00   1066s
  402765    6.1003478e+01   5.411759e+03   0.000000e+00   1070s
  403842    6.1003485e+01   8.249795e+03   0.000000e+00   1077s
  404560    6.1003489e+01   5.297733e+03   0.000000e+00   1082s
  405278    6.1003493e+01   5.598559e+03   0.000000e+00   1087s
  405996    6.1003497e+01   3.741479e+03   0.000000e+00   1092s
  406714    6.1003512e+01   9.095399e+03   0.000000e+00   1096s
  407791    6.1003518e+01   1.452989e+04   0.000000e+00   1102s
  408509    6.1003524e+01   8.097738e+03   0.000000e+00   1106s
  409227    6.1003527e+01   6.100570e+03   0.000000e+00   1110s
  409945    6.1003530e+01   5.270669e+03   0.000000e+00   1115s
  411022    6.1003534e+01   1.094219e+04   0.000000e+00   1122s
  411381    6.1003535e+01   6.405207e+03   0.000000e+00   1125s
  412458    6.1003545e+01   6.319512e+03   0.000000e+00   1131s
  413176    6.1003548e+01   2.411438e+04   0.000000e+00   1136s
  413894    6.1003551e+01   4.392016e+03   0.000000e+00   1141s
  414612    6.1003556e+01   5.168035e+03   0.000000e+00   1146s
  415330    6.1003559e+01   7.080178e+03   0.000000e+00   1150s
  416407    6.1003564e+01   3.036401e+04   0.000000e+00   1157s
  417125    6.1003567e+01   1.102113e+04   0.000000e+00   1162s
  417843    6.1003575e+01   7.454705e+03   0.000000e+00   1165s
  418920    6.1003582e+01   3.946217e+03   0.000000e+00   1172s
  419638    6.1003585e+01   5.622825e+03   0.000000e+00   1176s
  420356    6.1003588e+01   1.366583e+04   0.000000e+00   1181s
  421074    6.1003591e+01   6.249339e+03   0.000000e+00   1186s
  421792    6.1003596e+01   1.165723e+04   0.000000e+00   1191s
  422510    6.1003600e+01   4.232898e+04   0.000000e+00   1195s
  423587    6.1003615e+01   1.279902e+04   0.000000e+00   1201s
  424664    6.1003624e+01   4.111693e+03   0.000000e+00   1206s
  425382    6.1003627e+01   2.012621e+04   0.000000e+00   1211s
  426100    6.1003631e+01   4.246712e+03   0.000000e+00   1215s
  426818    6.1003634e+01   4.892689e+03   0.000000e+00   1220s
  427536    6.1003636e+01   8.202791e+03   0.000000e+00   1225s
  428613    6.1003640e+01   3.613575e+03   0.000000e+00   1232s
  429331    6.1003645e+01   8.743496e+03   0.000000e+00   1237s
  430049    6.1003647e+01   3.715727e+03   0.000000e+00   1242s
  430767    6.1003650e+01   7.238309e+03   0.000000e+00   1247s
  431485    6.1003652e+01   1.221555e+04   0.000000e+00   1252s
  432203    6.1003655e+01   1.816777e+04   0.000000e+00   1256s
  432921    6.1003657e+01   3.903789e+03   0.000000e+00   1262s
  433639    6.1003660e+01   6.740122e+03   0.000000e+00   1266s
  434357    6.1003662e+01   8.204052e+03   0.000000e+00   1271s
  435075    6.1003664e+01   8.118542e+03   0.000000e+00   1276s
  435793    6.1003667e+01   4.173431e+03   0.000000e+00   1281s
  436511    6.1003670e+01   1.685256e+03   0.000000e+00   1286s
  437229    6.1003672e+01   2.119487e+04   0.000000e+00   1292s
  437947    6.1003674e+01   3.149355e+03   0.000000e+00   1297s
  438665    6.1003676e+01   4.743040e+03   0.000000e+00   1302s
  439383    6.1003678e+01   4.930301e+03   0.000000e+00   1308s
  439742    6.1003679e+01   3.948386e+03   0.000000e+00   1310s
  440460    6.1003682e+01   4.387591e+03   0.000000e+00   1315s
  441178    6.1003685e+01   2.395369e+03   0.000000e+00   1321s
  441896    6.1003687e+01   1.804338e+04   0.000000e+00   1326s
  442614    6.1003689e+01   5.663878e+03   0.000000e+00   1331s
  443332    6.1003691e+01   8.542988e+03   0.000000e+00   1337s
  444050    6.1003693e+01   3.612110e+03   0.000000e+00   1342s
  444409    6.1003694e+01   8.775722e+03   0.000000e+00   1345s
  445127    6.1003696e+01   7.738549e+03   0.000000e+00   1351s
  445845    6.1003698e+01   3.655957e+03   0.000000e+00   1356s
  446563    6.1003701e+01   9.751622e+03   0.000000e+00   1362s
  447281    6.1003706e+01   1.562501e+05   0.000000e+00   1367s
  447999    6.1003710e+01   3.276013e+03   0.000000e+00   1372s
  448717    6.1003713e+01   1.596988e+04   0.000000e+00   1377s
  449435    6.1003714e+01   7.159412e+03   0.000000e+00   1383s
  449794    6.1003715e+01   4.234173e+03   0.000000e+00   1386s
  450512    6.1003717e+01   2.932669e+03   0.000000e+00   1391s
  451230    6.1003802e+01   7.930406e+03   0.000000e+00   1395s
  452666    6.1003830e+01   3.418975e+03   0.000000e+00   1402s
  453384    6.1003837e+01   4.292734e+03   0.000000e+00   1407s
  454102    6.1003865e+01   4.883736e+04   0.000000e+00   1412s
  454820    6.1003867e+01   6.635280e+03   0.000000e+00   1417s
  455538    6.1003871e+01   6.392861e+03   0.000000e+00   1422s
  456256    6.1003873e+01   5.990753e+03   0.000000e+00   1427s
  456974    6.1003876e+01   1.371577e+04   0.000000e+00   1431s
  457692    6.1003879e+01   1.645416e+04   0.000000e+00   1435s
  458769    6.1003883e+01   9.349574e+03   0.000000e+00   1442s
  459487    6.1003886e+01   1.115542e+04   0.000000e+00   1447s
  460205    6.1003890e+01   3.230412e+03   0.000000e+00   1452s
  460923    6.1003892e+01   2.404427e+03   0.000000e+00   1457s
  461641    6.1003894e+01   2.277095e+03   0.000000e+00   1462s
  462359    6.1003897e+01   5.217676e+03   0.000000e+00   1467s
  463077    6.1003899e+01   4.035722e+03   0.000000e+00   1473s
  463436    6.1003901e+01   1.400269e+04   0.000000e+00   1475s
  464154    6.1003903e+01   4.365175e+03   0.000000e+00   1481s
  464872    6.1003904e+01   9.266040e+03   0.000000e+00   1487s
  465590    6.1003907e+01   4.629614e+03   0.000000e+00   1492s
  466308    6.1003908e+01   2.491131e+03   0.000000e+00   1497s
  467026    6.1003911e+01   2.508612e+03   0.000000e+00   1503s
  467385    6.1003911e+01   8.540484e+03   0.000000e+00   1505s
  468103    6.1003913e+01   2.409608e+03   0.000000e+00   1511s
  468821    6.1003926e+01   6.403431e+03   0.000000e+00   1516s
  469898    6.1003934e+01   7.830672e+04   0.000000e+00   1522s
  470616    6.1003936e+01   1.183234e+04   0.000000e+00   1527s
  471334    6.1003938e+01   4.692836e+03   0.000000e+00   1532s
  472052    6.1003943e+01   1.705597e+04   0.000000e+00   1537s
  472770    6.1003946e+01   8.162139e+03   0.000000e+00   1542s
  473488    6.1003949e+01   4.246239e+03   0.000000e+00   1546s
  474206    6.1003951e+01   8.072462e+03   0.000000e+00   1551s
  474924    6.1003953e+01   4.430964e+03   0.000000e+00   1556s
  475642    6.1003956e+01   4.732009e+03   0.000000e+00   1561s
  476360    6.1003958e+01   5.464265e+03   0.000000e+00   1566s
  477078    6.1003959e+01   8.902111e+03   0.000000e+00   1571s
  477796    6.1003962e+01   2.431349e+04   0.000000e+00   1576s
  478514    6.1003965e+01   3.974911e+03   0.000000e+00   1580s
  479232    6.1003968e+01   6.476576e+03   0.000000e+00   1585s
  480309    6.1003971e+01   9.983307e+03   0.000000e+00   1592s
  481027    6.1003973e+01   2.160561e+04   0.000000e+00   1597s
  481745    6.1003975e+01   1.505633e+03   0.000000e+00   1603s
  482104    6.1003976e+01   7.591106e+03   0.000000e+00   1606s
  482822    6.1003979e+01   9.370371e+03   0.000000e+00   1611s
  483540    6.1003981e+01   2.535773e+04   0.000000e+00   1616s
  484258    6.1003983e+01   8.725367e+03   0.000000e+00   1621s
  484976    6.1003984e+01   1.848906e+03   0.000000e+00   1627s
  485694    6.1003986e+01   5.019871e+03   0.000000e+00   1632s
  486053    6.1003987e+01   1.763144e+03   0.000000e+00   1635s
  486771    6.1003989e+01   3.778166e+03   0.000000e+00   1641s
  487489    6.1003991e+01   6.378824e+03   0.000000e+00   1646s
  488207    6.1003992e+01   4.385422e+03   0.000000e+00   1652s
  488925    6.1003994e+01   2.864109e+03   0.000000e+00   1658s
  489284    6.1003995e+01   3.465806e+03   0.000000e+00   1660s
  490002    6.1003996e+01   3.381948e+03   0.000000e+00   1666s
  490720    6.1003998e+01   5.640207e+03   0.000000e+00   1672s
  491438    6.1004000e+01   6.957291e+03   0.000000e+00   1677s
  492156    6.1004002e+01   5.048314e+03   0.000000e+00   1683s
  492515    6.1004004e+01   7.041591e+03   0.000000e+00   1685s
  493233    6.1004006e+01   4.071245e+03   0.000000e+00   1690s
  493951    6.1004009e+01   1.642884e+03   0.000000e+00   1696s
  494669    6.1004011e+01   5.343253e+03   0.000000e+00   1701s
  495387    6.1004013e+01   1.593008e+03   0.000000e+00   1707s
  496105    6.1004015e+01   5.042284e+03   0.000000e+00   1713s
  496464    6.1004015e+01   4.539425e+03   0.000000e+00   1715s
  497182    6.1004018e+01   8.046124e+03   0.000000e+00   1721s
  497900    6.1004019e+01   2.927705e+03   0.000000e+00   1726s
  498618    6.1004021e+01   9.461527e+03   0.000000e+00   1732s
  498977    6.1004022e+01   2.325246e+03   0.000000e+00   1735s
  499695    6.1004023e+01   9.842122e+03   0.000000e+00   1741s
  500413    6.1004025e+01   2.317736e+03   0.000000e+00   1747s
  501131    6.1004027e+01   1.007866e+04   0.000000e+00   1753s
  501490    6.1004027e+01   1.826226e+03   0.000000e+00   1756s
  502208    6.1004029e+01   1.475470e+03   0.000000e+00   1762s
  502926    6.1004030e+01   2.291593e+03   0.000000e+00   1768s
  503285    6.1004031e+01   3.646447e+03   0.000000e+00   1771s
  504003    6.1004033e+01   2.684340e+03   0.000000e+00   1776s
  504721    6.1004035e+01   1.871546e+03   0.000000e+00   1782s
  505439    6.1004036e+01   8.734666e+03   0.000000e+00   1788s
  505798    6.1004037e+01   2.589858e+03   0.000000e+00   1791s
  506516    6.1004039e+01   2.575344e+03   0.000000e+00   1796s
  507234    6.1004040e+01   2.550136e+03   0.000000e+00   1802s
  507593    6.1004041e+01   7.718425e+03   0.000000e+00   1805s
  508311    6.1004043e+01   1.873755e+03   0.000000e+00   1811s
  509029    6.1004044e+01   1.351598e+03   0.000000e+00   1817s
  509388    6.1004045e+01   3.442120e+03   0.000000e+00   1820s
  510106    6.1004046e+01   1.674083e+04   0.000000e+00   1826s
  510824    6.1004052e+01   4.971313e+03   0.000000e+00   1831s
  511542    6.1004054e+01   8.591836e+03   0.000000e+00   1836s
  512260    6.1004057e+01   3.713349e+03   0.000000e+00   1842s
  512978    6.1004058e+01   1.019476e+04   0.000000e+00   1848s
  513337    6.1004059e+01   2.153266e+03   0.000000e+00   1851s
  514055    6.1004061e+01   2.704874e+03   0.000000e+00   1856s
  514773    6.1004066e+01   2.956433e+03   0.000000e+00   1862s
  515491    6.1004067e+01   3.241084e+03   0.000000e+00   1868s
  515850    6.1004068e+01   8.068504e+03   0.000000e+00   1871s
  516568    6.1004070e+01   2.150979e+03   0.000000e+00   1876s
  517286    6.1004072e+01   5.347440e+03   0.000000e+00   1882s
  518004    6.1004074e+01   1.497720e+03   0.000000e+00   1887s
  518363    6.1004075e+01   5.411725e+03   0.000000e+00   1890s
  519081    6.1004076e+01   2.234350e+03   0.000000e+00   1897s
  519799    6.1004078e+01   3.381683e+03   0.000000e+00   1902s
  520158    6.1004079e+01   3.114463e+03   0.000000e+00   1905s
  520876    6.1004081e+01   2.125247e+03   0.000000e+00   1911s
  521594    6.1004082e+01   1.040079e+04   0.000000e+00   1917s
  521953    6.1004083e+01   2.961302e+03   0.000000e+00   1920s
  522671    6.1004085e+01   3.932653e+04   0.000000e+00   1926s
  523389    6.1004086e+01   2.890173e+03   0.000000e+00   1932s
  524107    6.1004088e+01   6.770023e+03   0.000000e+00   1937s
  524825    6.1004089e+01   1.047342e+04   0.000000e+00   1943s
  525184    6.1004090e+01   1.068249e+04   0.000000e+00   1946s
  525902    6.1004092e+01   2.265505e+03   0.000000e+00   1951s
  526620    6.1004093e+01   2.334393e+03   0.000000e+00   1957s
  526979    6.1004094e+01   2.118942e+03   0.000000e+00   1960s
  527697    6.1004096e+01   6.968428e+03   0.000000e+00   1965s
  528415    6.1004097e+01   1.028073e+03   0.000000e+00   1971s
  529133    6.1004099e+01   3.247022e+03   0.000000e+00   1977s
  529492    6.1004100e+01   8.123216e+03   0.000000e+00   1980s
  530210    6.1004101e+01   1.945835e+03   0.000000e+00   1986s
  530928    6.1004102e+01   5.013871e+03   0.000000e+00   1992s
  531646    6.1004104e+01   2.295693e+03   0.000000e+00   1998s
  532005    6.1004105e+01   3.189058e+03   0.000000e+00   2001s
  532723    6.1004106e+01   4.018588e+03   0.000000e+00   2007s
  533441    6.1004107e+01   4.301865e+03   0.000000e+00   2013s
  533800    6.1004108e+01   6.623845e+03   0.000000e+00   2016s
  534518    6.1004109e+01   2.717340e+03   0.000000e+00   2022s
  535236    6.1004111e+01   2.683113e+03   0.000000e+00   2028s
  535595    6.1004112e+01   1.515401e+03   0.000000e+00   2031s
  536313    6.1004113e+01   7.998625e+03   0.000000e+00   2037s
  537031    6.1004115e+01   2.305571e+03   0.000000e+00   2042s
  537390    6.1004116e+01   2.557642e+03   0.000000e+00   2045s
  538108    6.1004117e+01   2.379230e+03   0.000000e+00   2052s
  538826    6.1004118e+01   2.668687e+03   0.000000e+00   2058s
  539185    6.1004119e+01   2.100015e+04   0.000000e+00   2061s
  539903    6.1004121e+01   3.715181e+03   0.000000e+00   2066s
  540621    6.1004122e+01   1.614559e+03   0.000000e+00   2072s
  540980    6.1004123e+01   3.359151e+03   0.000000e+00   2075s
  541698    6.1004124e+01   3.898295e+03   0.000000e+00   2081s
  542416    6.1004125e+01   3.760081e+03   0.000000e+00   2087s
  543134    6.1004127e+01   1.845747e+03   0.000000e+00   2093s
  543493    6.1004127e+01   2.355770e+04   0.000000e+00   2096s
  544211    6.1004129e+01   1.622199e+03   0.000000e+00   2102s
  544929    6.1004131e+01   2.972494e+03   0.000000e+00   2108s
  545288    6.1004131e+01   6.384294e+03   0.000000e+00   2111s
  546006    6.1004133e+01   2.820603e+03   0.000000e+00   2117s
  546724    6.1004134e+01   4.814622e+03   0.000000e+00   2123s
  547083    6.1004135e+01   3.662488e+03   0.000000e+00   2126s
  547801    6.1004136e+01   7.620593e+03   0.000000e+00   2132s
  548519    6.1004138e+01   2.213948e+03   0.000000e+00   2138s
  548878    6.1004138e+01   4.792080e+03   0.000000e+00   2141s
  549596    6.1004139e+01   1.191525e+03   0.000000e+00   2147s
  550314    6.1004141e+01   5.313287e+03   0.000000e+00   2153s
  550673    6.1004141e+01   5.745045e+03   0.000000e+00   2155s
  551391    6.1004143e+01   1.169131e+04   0.000000e+00   2161s
  552109    6.1004145e+01   8.212429e+03   0.000000e+00   2167s
  552827    6.1004147e+01   2.909505e+03   0.000000e+00   2173s
  553186    6.1004148e+01   5.259001e+03   0.000000e+00   2176s
  553904    6.1004149e+01   3.540992e+03   0.000000e+00   2181s
  554622    6.1004151e+01   1.914419e+03   0.000000e+00   2187s
  554981    6.1004151e+01   2.673666e+03   0.000000e+00   2190s
  555699    6.1004153e+01   3.248447e+03   0.000000e+00   2196s
  556417    6.1004155e+01   2.398899e+03   0.000000e+00   2202s
  556776    6.1004155e+01   2.623791e+03   0.000000e+00   2205s
  557494    6.1004157e+01   4.143015e+03   0.000000e+00   2211s
  558212    6.1004158e+01   2.076563e+04   0.000000e+00   2217s
  558930    6.1004160e+01   2.306070e+03   0.000000e+00   2223s
  559289    6.1004161e+01   2.719664e+03   0.000000e+00   2226s
  560007    6.1004162e+01   1.406551e+03   0.000000e+00   2232s
  560366    6.1004163e+01   2.922216e+03   0.000000e+00   2235s
  561084    6.1004164e+01   6.424656e+03   0.000000e+00   2241s
  561802    6.1004166e+01   2.923359e+03   0.000000e+00   2246s
  562520    6.1004168e+01   1.999665e+04   0.000000e+00   2252s
  562879    6.1004169e+01   5.215223e+03   0.000000e+00   2255s
  563597    6.1004170e+01   3.770255e+03   0.000000e+00   2261s
  564315    6.1004172e+01   2.316822e+03   0.000000e+00   2267s
  564674    6.1004172e+01   5.010169e+03   0.000000e+00   2270s
  565392    6.1004174e+01   2.493198e+03   0.000000e+00   2276s
  566110    6.1004176e+01   5.936359e+03   0.000000e+00   2282s
  566828    6.1004177e+01   1.825849e+03   0.000000e+00   2287s
  567546    6.1004179e+01   2.944915e+03   0.000000e+00   2293s
  567905    6.1004179e+01   2.498241e+03   0.000000e+00   2296s
  568623    6.1004181e+01   1.814109e+03   0.000000e+00   2302s
  569341    6.1004182e+01   9.920712e+03   0.000000e+00   2308s
  569700    6.1004183e+01   2.130940e+03   0.000000e+00   2311s
  570418    6.1004184e+01   1.974441e+03   0.000000e+00   2317s
  570777    6.1004185e+01   2.488668e+03   0.000000e+00   2320s
  571495    6.1004186e+01   1.718072e+03   0.000000e+00   2326s
  572213    6.1004187e+01   4.235751e+03   0.000000e+00   2332s
  572931    6.1004189e+01   1.393409e+03   0.000000e+00   2338s
  573290    6.1004190e+01   1.403679e+03   0.000000e+00   2341s
  574008    6.1004191e+01   3.745327e+03   0.000000e+00   2347s
  574726    6.1004193e+01   8.326794e+03   0.000000e+00   2353s
  575085    6.1004194e+01   4.297953e+03   0.000000e+00   2356s
  575803    6.1004196e+01   3.172163e+03   0.000000e+00   2361s
  576521    6.1004198e+01   1.036275e+04   0.000000e+00   2367s
  577239    6.1004200e+01   4.511389e+03   0.000000e+00   2372s
  577957    6.1004201e+01   1.399682e+04   0.000000e+00   2378s
  578316    6.1004202e+01   3.020436e+03   0.000000e+00   2381s
  579034    6.1004204e+01   1.747358e+03   0.000000e+00   2387s
  579752    6.1004207e+01   3.300036e+03   0.000000e+00   2392s
  580470    6.1004209e+01   3.112908e+03   0.000000e+00   2398s
  580829    6.1004210e+01   2.734276e+03   0.000000e+00   2400s
  581547    6.1004212e+01   5.586662e+03   0.000000e+00   2406s
  582265    6.1004214e+01   3.413382e+03   0.000000e+00   2412s
  582983    6.1004215e+01   5.582306e+03   0.000000e+00   2417s
  583701    6.1004217e+01   2.856888e+03   0.000000e+00   2423s
  584060    6.1004218e+01   6.637243e+03   0.000000e+00   2425s
  584778    6.1004220e+01   2.496065e+04   0.000000e+00   2431s
  585496    6.1004223e+01   1.117632e+04   0.000000e+00   2436s
  586214    6.1004228e+01   1.556426e+04   0.000000e+00   2440s
  587291    6.4670754e+01   9.747387e+03   0.000000e+00   2447s
  588009    6.4670757e+01   9.761146e+04   0.000000e+00   2452s
  588727    6.4670771e+01   5.571606e+03   0.000000e+00   2457s
  589445    6.4670773e+01   1.784070e+03   0.000000e+00   2463s
  589804    6.4670774e+01   9.142748e+03   0.000000e+00   2465s
  590522    6.4670776e+01   6.477104e+03   0.000000e+00   2471s
  591240    6.4670778e+01   1.409168e+03   0.000000e+00   2477s
  591958    6.4670780e+01   2.905589e+04   0.000000e+00   2483s
  592676    6.4670787e+01   8.049025e+03   0.000000e+00   2488s
  593035    6.4670788e+01   4.610335e+03   0.000000e+00   2491s
  593753    6.4670790e+01   5.152629e+03   0.000000e+00   2495s
  594471    6.4670792e+01   3.747514e+04   0.000000e+00   2501s
  595189    6.4670794e+01   6.829286e+03   0.000000e+00   2507s
  595907    6.4670796e+01   2.350468e+03   0.000000e+00   2512s
  596266    6.4670798e+01   3.557626e+03   0.000000e+00   2515s
  596984    6.4670801e+01   1.468461e+03   0.000000e+00   2521s
  597702    6.4670802e+01   6.242948e+03   0.000000e+00   2527s
  598420    6.4670804e+01   2.363583e+03   0.000000e+00   2532s
  598779    6.4670804e+01   1.818192e+03   0.000000e+00   2535s
  599497    6.4670806e+01   1.541725e+03   0.000000e+00   2541s
  600215    6.4670808e+01   6.492186e+03   0.000000e+00   2547s
  600574    6.4670808e+01   3.819915e+03   0.000000e+00   2550s
  601292    6.4670810e+01   8.448108e+03   0.000000e+00   2556s
  602010    6.4670811e+01   9.600577e+03   0.000000e+00   2562s
  602369    6.4670812e+01   3.433910e+03   0.000000e+00   2565s
  603087    6.4670813e+01   7.506127e+03   0.000000e+00   2571s
  603805    6.4670815e+01   4.239883e+03   0.000000e+00   2577s
  604523    6.4670816e+01   2.364831e+03   0.000000e+00   2583s
  604882    6.4670816e+01   1.292434e+03   0.000000e+00   2586s
  605600    6.4670817e+01   3.220136e+03   0.000000e+00   2592s
  606318    6.4670818e+01   4.016932e+03   0.000000e+00   2598s
  606677    6.4670819e+01   1.836618e+03   0.000000e+00   2601s
  607395    6.4670820e+01   2.143014e+03   0.000000e+00   2607s
  607754    6.4670821e+01   1.401429e+03   0.000000e+00   2610s
  608472    6.4670822e+01   2.346473e+03   0.000000e+00   2616s
  609190    6.4670823e+01   1.179939e+03   0.000000e+00   2622s
  609908    6.4670825e+01   2.176902e+03   0.000000e+00   2628s
  610267    6.4670825e+01   2.899484e+03   0.000000e+00   2631s
  610985    6.4670827e+01   1.699267e+03   0.000000e+00   2637s
  611344    6.4670827e+01   2.470796e+03   0.000000e+00   2640s
  612062    6.4670828e+01   1.110174e+03   0.000000e+00   2646s
  612780    6.4670830e+01   1.659335e+03   0.000000e+00   2653s
  613139    6.4670830e+01   9.239947e+03   0.000000e+00   2656s
  613857    6.4670831e+01   3.917756e+03   0.000000e+00   2662s
  614575    6.4670833e+01   1.171445e+03   0.000000e+00   2668s
  614934    6.4670833e+01   5.417386e+03   0.000000e+00   2671s
  615652    6.4670835e+01   9.743754e+03   0.000000e+00   2677s
  616370    6.4670836e+01   1.371133e+03   0.000000e+00   2683s
  616729    6.4670836e+01   5.458252e+03   0.000000e+00   2686s
  617447    6.4670838e+01   3.523621e+03   0.000000e+00   2692s
  617806    6.4670838e+01   3.563454e+03   0.000000e+00   2695s
  618524    6.4670840e+01   1.171994e+03   0.000000e+00   2701s
  619242    6.4670841e+01   1.832538e+03   0.000000e+00   2707s
  619601    6.4670841e+01   1.621304e+03   0.000000e+00   2711s
  620319    6.4670843e+01   2.019580e+03   0.000000e+00   2717s
  621037    6.4670844e+01   1.686214e+03   0.000000e+00   2723s
  621396    6.4670844e+01   1.994693e+03   0.000000e+00   2726s
  622114    6.4670845e+01   1.715764e+04   0.000000e+00   2732s
  622473    6.4670846e+01   1.502388e+03   0.000000e+00   2735s
  623191    6.4670847e+01   1.626252e+03   0.000000e+00   2742s
  623909    6.4670849e+01   3.802873e+03   0.000000e+00   2748s
  624268    6.4670849e+01   1.560412e+03   0.000000e+00   2751s
  624986    6.4670850e+01   2.622641e+03   0.000000e+00   2757s
  625704    6.4670851e+01   5.525798e+03   0.000000e+00   2763s
  626063    6.4670852e+01   1.360883e+03   0.000000e+00   2766s
  626781    6.4670853e+01   2.490884e+03   0.000000e+00   2772s
  627499    6.4670854e+01   9.903732e+02   0.000000e+00   2778s
  627858    6.4670855e+01   1.373962e+03   0.000000e+00   2781s
  628576    6.4670856e+01   5.422870e+03   0.000000e+00   2787s
  629294    6.4670857e+01   3.856751e+03   0.000000e+00   2793s
  629653    6.4670857e+01   9.068071e+03   0.000000e+00   2796s
  630371    6.4670858e+01   1.221782e+03   0.000000e+00   2802s
  630730    6.4670859e+01   1.365832e+03   0.000000e+00   2805s
  631448    6.4670860e+01   6.516590e+03   0.000000e+00   2811s
  632166    6.4670861e+01   1.823569e+03   0.000000e+00   2817s
  632525    6.4670862e+01   3.207111e+03   0.000000e+00   2820s
  633243    6.4670863e+01   2.617288e+03   0.000000e+00   2826s
  633961    6.4670864e+01   3.085448e+03   0.000000e+00   2832s
  634320    6.4670864e+01   3.119872e+03   0.000000e+00   2835s
  635038    6.4670865e+01   1.113357e+03   0.000000e+00   2842s
  635756    6.4670866e+01   2.075790e+03   0.000000e+00   2848s
  636115    6.4670867e+01   1.990472e+03   0.000000e+00   2851s
  636833    6.4670868e+01   2.805099e+03   0.000000e+00   2857s
  637192    6.4670868e+01   5.094775e+03   0.000000e+00   2860s
  637910    6.4670869e+01   2.502306e+03   0.000000e+00   2866s
  638628    6.4670871e+01   6.532313e+03   0.000000e+00   2873s
  638987    6.4670871e+01   8.720753e+03   0.000000e+00   2876s
  639705    6.4670872e+01   3.287690e+03   0.000000e+00   2882s
  640064    6.4670873e+01   1.748810e+03   0.000000e+00   2885s
  640782    6.4670874e+01   3.468269e+03   0.000000e+00   2891s
  641500    6.4670875e+01   1.730431e+03   0.000000e+00   2897s
  641859    6.4670875e+01   1.425429e+03   0.000000e+00   2900s
  642577    6.4670876e+01   1.036848e+03   0.000000e+00   2906s
  643295    6.4670877e+01   4.417916e+03   0.000000e+00   2913s
  643654    6.4670878e+01   2.239781e+03   0.000000e+00   2916s
  644372    6.4670879e+01   2.970967e+03   0.000000e+00   2922s
  645090    6.4670880e+01   7.749725e+02   0.000000e+00   2928s
  645449    6.4670881e+01   9.891996e+02   0.000000e+00   2931s
  646167    6.4670882e+01   1.730486e+03   0.000000e+00   2937s
  646526    6.4670882e+01   1.135874e+03   0.000000e+00   2940s
  647244    6.4670883e+01   1.283063e+03   0.000000e+00   2946s
  647962    6.4670884e+01   8.167905e+02   0.000000e+00   2952s
  648321    6.4670885e+01   1.423149e+03   0.000000e+00   2956s
  649039    6.4670886e+01   8.268221e+03   0.000000e+00   2962s
  649757    6.4670887e+01   1.947137e+03   0.000000e+00   2968s
  650116    6.4670887e+01   4.500978e+03   0.000000e+00   2971s
  650834    6.4670888e+01   5.177449e+03   0.000000e+00   2977s
  651193    6.4670889e+01   2.072905e+03   0.000000e+00   2980s
  651911    6.4670890e+01   5.650403e+03   0.000000e+00   2986s
  652629    6.4670891e+01   1.651470e+03   0.000000e+00   2992s
  653347    6.4670892e+01   1.101225e+03   0.000000e+00   2998s
  653706    6.4670892e+01   6.358500e+02   0.000000e+00   3001s
  654424    6.4670893e+01   8.685049e+02   0.000000e+00   3007s
  654783    6.4670894e+01   8.680303e+02   0.000000e+00   3011s
  655501    6.4670895e+01   2.105421e+04   0.000000e+00   3017s
  656219    6.4670896e+01   7.259173e+03   0.000000e+00   3023s
  656578    6.4670896e+01   1.159234e+03   0.000000e+00   3026s
  657296    6.4670897e+01   7.927670e+02   0.000000e+00   3032s
  657655    6.4670897e+01   1.624397e+03   0.000000e+00   3035s
  658373    6.4670898e+01   1.614950e+03   0.000000e+00   3041s
  659091    6.4670937e+01   2.335970e+03   0.000000e+00   3047s
  659809    6.4670953e+01   6.913036e+03   0.000000e+00   3052s
  660527    6.4670962e+01   1.925819e+03   0.000000e+00   3057s
  661245    6.4670969e+01   9.214211e+03   0.000000e+00   3062s
  661963    6.4670976e+01   1.077279e+03   0.000000e+00   3068s
  662322    6.4670980e+01   2.958394e+03   0.000000e+00   3070s
  663040    6.4670986e+01   1.609606e+03   0.000000e+00   3076s
  663758    6.4670991e+01   2.578238e+03   0.000000e+00   3081s
  664476    6.4670996e+01   1.931675e+03   0.000000e+00   3087s
  665194    6.4671000e+01   8.162545e+02   0.000000e+00   3093s
  665553    6.4671003e+01   1.735476e+03   0.000000e+00   3095s
  666271    6.4671007e+01   4.162497e+03   0.000000e+00   3101s
  666989    6.4671017e+01   8.458605e+03   0.000000e+00   3107s
  667348    6.4671019e+01   3.443077e+03   0.000000e+00   3110s
  668066    6.4671024e+01   1.048856e+03   0.000000e+00   3116s
  668784    6.4671027e+01   2.157594e+03   0.000000e+00   3122s
  669502    6.4671031e+01   5.007590e+03   0.000000e+00   3128s
  669861    6.4671033e+01   1.631734e+03   0.000000e+00   3131s
  670579    6.4671036e+01   4.699341e+03   0.000000e+00   3136s
  671297    6.4671041e+01   9.305023e+03   0.000000e+00   3142s
  672015    6.4671044e+01   1.337744e+03   0.000000e+00   3148s
  672374    6.4671046e+01   2.220308e+03   0.000000e+00   3151s
  673092    6.4671050e+01   1.780716e+03   0.000000e+00   3156s
  673810    6.4671054e+01   1.136340e+03   0.000000e+00   3162s
  674169    6.4671056e+01   1.411513e+03   0.000000e+00   3165s
  674887    6.4671059e+01   1.180281e+03   0.000000e+00   3171s
  675605    6.4671062e+01   1.451862e+03   0.000000e+00   3177s
  675964    6.4671064e+01   1.138267e+03   0.000000e+00   3180s
  676682    6.4671066e+01   1.039313e+03   0.000000e+00   3186s
  677400    6.4671070e+01   1.741835e+04   0.000000e+00   3192s
  677759    6.4671072e+01   1.044218e+03   0.000000e+00   3195s
  678477    6.4671075e+01   1.536403e+03   0.000000e+00   3201s
  679195    6.4671079e+01   3.658789e+03   0.000000e+00   3207s
  679554    6.4671080e+01   1.100235e+03   0.000000e+00   3210s
  680272    6.4671082e+01   2.584503e+04   0.000000e+00   3216s
  680990    6.4671085e+01   2.164466e+03   0.000000e+00   3222s
  681349    6.4671087e+01   1.757526e+03   0.000000e+00   3225s
  682067    6.4671089e+01   6.865566e+02   0.000000e+00   3232s
  682785    6.4671092e+01   3.493939e+03   0.000000e+00   3238s
  683144    6.4671093e+01   5.850879e+02   0.000000e+00   3241s
  683862    6.4671095e+01   6.153130e+03   0.000000e+00   3247s
  684221    6.4671096e+01   1.083734e+03   0.000000e+00   3250s
  684939    6.4671098e+01   2.781263e+03   0.000000e+00   3257s
  685657    6.4671101e+01   1.325645e+03   0.000000e+00   3263s
  686016    6.4671102e+01   7.223066e+02   0.000000e+00   3266s
  686734    6.4671104e+01   1.011219e+03   0.000000e+00   3272s
  687093    6.4671105e+01   1.236696e+03   0.000000e+00   3276s
  687811    6.4671107e+01   9.196759e+02   0.000000e+00   3282s
  688529    6.4671109e+01   6.498652e+03   0.000000e+00   3288s
  688888    6.4671110e+01   3.730342e+03   0.000000e+00   3291s
  689606    6.4671111e+01   8.244629e+02   0.000000e+00   3298s
  689965    6.4671112e+01   4.638833e+02   0.000000e+00   3301s
  690683    6.4671115e+01   6.473602e+03   0.000000e+00   3307s
  691042    6.4671116e+01   7.345442e+03   0.000000e+00   3310s
  691760    6.4671118e+01   8.112845e+02   0.000000e+00   3317s
  692478    6.4671120e+01   1.421993e+03   0.000000e+00   3323s
  692837    6.4671121e+01   4.130368e+03   0.000000e+00   3326s
  693555    6.4671123e+01   3.745660e+03   0.000000e+00   3333s
  693914    6.4671124e+01   2.141131e+03   0.000000e+00   3336s
  694632    6.4671126e+01   1.262975e+03   0.000000e+00   3342s
  694991    6.4671126e+01   2.173796e+03   0.000000e+00   3346s
  695709    6.4671128e+01   2.531919e+03   0.000000e+00   3352s
  696068    6.4671129e+01   4.547331e+02   0.000000e+00   3355s
  696786    6.4671130e+01   1.443995e+03   0.000000e+00   3362s
  697145    6.4671131e+01   4.592289e+02   0.000000e+00   3365s
  697863    6.4671133e+01   3.959004e+02   0.000000e+00   3372s
  698581    6.4671134e+01   6.967386e+02   0.000000e+00   3378s
  698940    6.4671135e+01   1.113531e+03   0.000000e+00   3381s
  699658    6.4671137e+01   3.430262e+03   0.000000e+00   3388s
  700017    6.4671138e+01   1.407234e+03   0.000000e+00   3391s
  700735    6.4671139e+01   3.868674e+02   0.000000e+00   3398s
  701094    6.4671140e+01   4.316284e+02   0.000000e+00   3401s
  701812    6.4671141e+01   1.498069e+03   0.000000e+00   3408s
  702171    6.4671142e+01   6.870388e+02   0.000000e+00   3411s
  702889    6.4671148e+01   9.750027e+02   0.000000e+00   3417s
  703248    6.4671149e+01   1.332155e+03   0.000000e+00   3421s
  703966    6.4671151e+01   1.203017e+03   0.000000e+00   3427s
  704325    6.4671152e+01   1.088239e+03   0.000000e+00   3430s
  705043    6.4671153e+01   2.586866e+03   0.000000e+00   3437s
  705402    6.4671154e+01   4.613106e+03   0.000000e+00   3440s
  706120    6.4671156e+01   1.994039e+03   0.000000e+00   3447s
  706479    6.4671157e+01   7.634666e+02   0.000000e+00   3450s
  707197    6.4671158e+01   1.090233e+03   0.000000e+00   3457s
  707915    6.4671160e+01   3.763205e+03   0.000000e+00   3463s
  708274    6.4671161e+01   6.550490e+02   0.000000e+00   3467s
  708992    6.4671168e+01   1.848004e+03   0.000000e+00   3472s
  709351    6.4671170e+01   2.392977e+03   0.000000e+00   3475s
  710069    6.4671172e+01   3.986763e+03   0.000000e+00   3482s
  710787    6.4671174e+01   6.054739e+02   0.000000e+00   3488s
  711146    6.4671175e+01   7.522427e+02   0.000000e+00   3491s
  711864    6.4671177e+01   1.659933e+03   0.000000e+00   3497s
  712223    6.4671178e+01   2.290489e+03   0.000000e+00   3501s
  712941    6.4671180e+01   1.620593e+03   0.000000e+00   3507s
  713300    6.4671181e+01   4.778130e+02   0.000000e+00   3510s
  714018    6.4671183e+01   1.101477e+03   0.000000e+00   3517s
  714736    6.4671185e+01   8.220927e+03   0.000000e+00   3523s
  715095    6.4671186e+01   1.462772e+04   0.000000e+00   3526s
  715813    6.4671188e+01   1.978532e+03   0.000000e+00   3533s
  716172    6.4671189e+01   4.641627e+02   0.000000e+00   3536s
  716890    6.4671191e+01   9.857035e+02   0.000000e+00   3542s
  717249    6.4671192e+01   2.149451e+03   0.000000e+00   3545s
  717967    6.4671194e+01   9.069187e+02   0.000000e+00   3552s
  718685    6.4671196e+01   3.686413e+03   0.000000e+00   3558s
  719044    6.4671197e+01   6.753724e+02   0.000000e+00   3561s
  719762    6.4671199e+01   9.900235e+02   0.000000e+00   3568s
  720121    6.4671200e+01   4.988557e+03   0.000000e+00   3571s
  720839    6.4671201e+01   1.206910e+03   0.000000e+00   3578s
  721198    6.4671202e+01   1.453695e+03   0.000000e+00   3581s
  721916    6.4671204e+01   2.394053e+02   0.000000e+00   3588s
  722275    6.4671204e+01   7.517581e+02   0.000000e+00   3591s
  722993    6.4671206e+01   2.330939e+03   0.000000e+00   3597s
  723352    6.4671207e+01   8.814494e+03   0.000000e+00   3601s
  724070    6.4671209e+01   7.014466e+02   0.000000e+00   3607s
  724429    6.4671210e+01   4.384800e+02   0.000000e+00   3611s
  725147    6.4671213e+01   1.767583e+03   0.000000e+00   3617s
  725506    6.4671214e+01   8.051473e+02   0.000000e+00   3620s
  726224    6.4671216e+01   1.785269e+03   0.000000e+00   3627s
  726583    6.4671216e+01   8.750219e+02   0.000000e+00   3630s
  727301    6.4671218e+01   3.283471e+02   0.000000e+00   3637s
  727660    6.4671219e+01   2.176074e+03   0.000000e+00   3640s
  728378    6.4671220e+01   9.780939e+02   0.000000e+00   3647s
  728737    6.4671221e+01   1.428926e+03   0.000000e+00   3650s
  729455    6.4671222e+01   1.870007e+03   0.000000e+00   3657s
  729814    6.4671223e+01   8.950887e+02   0.000000e+00   3660s
  730532    6.4671225e+01   8.385444e+02   0.000000e+00   3667s
  730891    6.4671226e+01   9.547423e+03   0.000000e+00   3670s
  731609    6.4671227e+01   2.846923e+03   0.000000e+00   3677s
  731968    6.4671227e+01   4.059180e+02   0.000000e+00   3680s
  732686    6.4671229e+01   7.359171e+02   0.000000e+00   3687s
  733045    6.4671229e+01   3.232856e+03   0.000000e+00   3690s
  733763    6.4671230e+01   8.814928e+02   0.000000e+00   3697s
  734122    6.4671231e+01   8.913839e+02   0.000000e+00   3700s
  734840    6.4671232e+01   1.405856e+03   0.000000e+00   3707s
  735199    6.4671233e+01   5.985567e+02   0.000000e+00   3711s
  735917    6.4671234e+01   9.962815e+02   0.000000e+00   3717s
  736276    6.4671235e+01   7.295586e+02   0.000000e+00   3721s
  736994    6.4671236e+01   6.781560e+02   0.000000e+00   3728s
  737353    6.4671236e+01   1.130342e+03   0.000000e+00   3731s
  738071    6.4671237e+01   4.865821e+02   0.000000e+00   3738s
  738430    6.4671238e+01   3.811531e+02   0.000000e+00   3741s
  739148    6.4671239e+01   8.432695e+02   0.000000e+00   3748s
  739507    6.4671240e+01   2.167191e+03   0.000000e+00   3751s
  740225    6.4671241e+01   2.858355e+03   0.000000e+00   3758s
  740584    6.4671241e+01   4.540473e+02   0.000000e+00   3761s
  741266    6.4671242e+01   3.494903e+02   0.000000e+00   3768s
  741625    6.4671243e+01   9.043639e+02   0.000000e+00   3771s
  742343    6.4671244e+01   6.617832e+02   0.000000e+00   3778s
  742702    6.4671244e+01   1.186399e+03   0.000000e+00   3782s
  743420    6.4671245e+01   1.154513e+03   0.000000e+00   3788s
  743779    6.4671246e+01   4.009375e+02   0.000000e+00   3792s
  744138    6.4671246e+01   4.938020e+02   0.000000e+00   3795s
  744856    6.4671247e+01   5.802551e+02   0.000000e+00   3802s
  745215    6.4671247e+01   1.427831e+03   0.000000e+00   3806s
  745933    6.4671249e+01   2.383773e+02   0.000000e+00   3812s
  746292    6.4671249e+01   2.726703e+02   0.000000e+00   3816s
  747010    6.4671250e+01   3.309965e+02   0.000000e+00   3823s
  747369    6.4671250e+01   2.348388e+02   0.000000e+00   3826s
  748087    6.4671251e+01   6.190911e+02   0.000000e+00   3833s
  748446    6.4671251e+01   2.299149e+02   0.000000e+00   3837s
  749164    6.4671252e+01   3.478895e+02   0.000000e+00   3843s
  749523    6.4671252e+01   1.715613e+02   0.000000e+00   3847s
  749882    6.4671252e+01   2.664245e+02   0.000000e+00   3850s
  750600    6.4671253e+01   2.096677e+02   0.000000e+00   3857s
  750959    6.4671253e+01   7.740728e+02   0.000000e+00   3861s
  751677    6.4671254e+01   4.466223e+02   0.000000e+00   3868s
  752036    6.4671254e+01   3.912695e+02   0.000000e+00   3871s
  752754    6.4671255e+01   1.785456e+02   0.000000e+00   3878s
  753113    6.4671255e+01   9.441107e+02   0.000000e+00   3882s
  753472    6.4671255e+01   1.343888e+02   0.000000e+00   3885s
  754190    6.4671256e+01   3.919907e+02   0.000000e+00   3892s
  754549    6.4671256e+01   1.916287e+02   0.000000e+00   3896s
  755267    6.4671257e+01   4.089926e+02   0.000000e+00   3903s
  755626    6.4671257e+01   4.251216e+02   0.000000e+00   3906s
  756344    6.4671258e+01   1.736582e+02   0.000000e+00   3913s
  756703    6.4671258e+01   3.369475e+02   0.000000e+00   3917s
  757421    6.4671259e+01   3.415731e+02   0.000000e+00   3923s
  757780    6.4671259e+01   2.441446e+02   0.000000e+00   3927s
  758139    6.4671259e+01   2.157782e+02   0.000000e+00   3930s
  758857    6.4671260e+01   1.543364e+02   0.000000e+00   3937s
  759216    6.4671260e+01   1.481766e+02   0.000000e+00   3941s
  759934    6.4671261e+01   3.633584e+02   0.000000e+00   3948s
  760293    6.4671261e+01   1.353200e+02   0.000000e+00   3952s
  760652    6.4671261e+01   2.721889e+02   0.000000e+00   3955s
  761370    6.4671262e+01   2.332376e+02   0.000000e+00   3962s
  761729    6.4671262e+01   1.227829e+02   0.000000e+00   3966s
  762447    6.4671262e+01   5.879406e+02   0.000000e+00   3973s
  762806    6.4671263e+01   1.599399e+02   0.000000e+00   3976s
  763524    6.4671263e+01   4.745006e+02   0.000000e+00   3983s
  763883    6.4671263e+01   1.314109e+02   0.000000e+00   3987s
  764242    6.4671263e+01   5.334065e+02   0.000000e+00   3990s
  764960    6.4671264e+01   2.809191e+02   0.000000e+00   3997s
  765319    6.4671264e+01   1.241653e+02   0.000000e+00   4001s
  766037    6.4671265e+01   1.325277e+02   0.000000e+00   4008s
  766396    6.4671265e+01   9.842424e+01   0.000000e+00   4011s
  767114    6.4671265e+01   1.458348e+02   0.000000e+00   4018s
  767473    6.4671265e+01   2.282282e+02   0.000000e+00   4022s
  767832    6.4671266e+01   1.408873e+02   0.000000e+00   4025s
  768550    6.4671266e+01   1.915552e+02   0.000000e+00   4032s
  768909    6.4671266e+01   5.294397e+02   0.000000e+00   4036s
  769627    6.4671267e+01   1.743037e+02   0.000000e+00   4043s
  769986    6.4671267e+01   2.158543e+02   0.000000e+00   4046s
  770345    6.4671267e+01   2.108933e+02   0.000000e+00   4050s
  771063    6.4671268e+01   1.420144e+02   0.000000e+00   4057s
  771422    6.4671268e+01   2.996908e+02   0.000000e+00   4061s
  772140    6.4671268e+01   1.609380e+02   0.000000e+00   4068s
  772499    6.4671268e+01   1.844777e+02   0.000000e+00   4071s
  773217    6.4671269e+01   1.375520e+02   0.000000e+00   4078s
  773576    6.4671269e+01   8.021515e+01   0.000000e+00   4082s
  773935    6.4671269e+01   1.972324e+02   0.000000e+00   4086s
  774653    6.4671269e+01   8.152818e+01   0.000000e+00   4093s
  775012    6.4671269e+01   8.387704e+01   0.000000e+00   4097s
  775371    6.4671270e+01   4.754249e+02   0.000000e+00   4100s
  776089    6.4671270e+01   1.948605e+02   0.000000e+00   4107s
  776448    6.4671270e+01   2.489132e+02   0.000000e+00   4111s
  777166    6.4671271e+01   3.215070e+03   0.000000e+00   4118s
  777525    6.4671271e+01   2.407324e+02   0.000000e+00   4122s
  777884    6.4671271e+01   7.718564e+01   0.000000e+00   4125s
  778602    6.4671272e+01   4.316878e+02   0.000000e+00   4133s
  778961    6.4671272e+01   2.978601e+02   0.000000e+00   4136s
  779679    6.4671272e+01   9.027067e+01   0.000000e+00   4143s
  780038    6.4671272e+01   9.713896e+01   0.000000e+00   4147s
  780397    6.4671272e+01   2.753517e+02   0.000000e+00   4151s
  781115    6.4671273e+01   1.519891e+02   0.000000e+00   4158s
  781474    6.4671273e+01   6.135168e+02   0.000000e+00   4161s
  782192    6.4671273e+01   6.608976e+02   0.000000e+00   4169s
  782551    6.4671274e+01   1.695841e+02   0.000000e+00   4172s
  782910    6.4671274e+01   3.797471e+02   0.000000e+00   4176s
  783628    6.4671274e+01   1.482938e+02   0.000000e+00   4183s
  783987    6.4671275e+01   5.749329e+02   0.000000e+00   4186s
  784346    6.4671275e+01   1.358464e+02   0.000000e+00   4190s
  785064    6.4671275e+01   1.067069e+03   0.000000e+00   4197s
  785423    6.4671276e+01   5.949265e+02   0.000000e+00   4201s
  786141    6.4671276e+01   1.096416e+03   0.000000e+00   4208s
  786500    6.4671276e+01   7.715386e+01   0.000000e+00   4212s
  786859    6.4671276e+01   5.614576e+02   0.000000e+00   4215s
  787577    6.4671277e+01   5.727120e+02   0.000000e+00   4222s
  787936    6.4671277e+01   1.195823e+03   0.000000e+00   4226s
  788654    6.4671278e+01   1.065375e+03   0.000000e+00   4233s
  789013    6.4671278e+01   5.044102e+02   0.000000e+00   4237s
  789372    6.4671278e+01   5.786655e+02   0.000000e+00   4240s
  790090    6.4671279e+01   1.343726e+02   0.000000e+00   4248s
  790449    6.4671279e+01   3.413261e+02   0.000000e+00   4251s
  791167    6.4671279e+01   9.900084e+01   0.000000e+00   4258s
  791526    6.4671280e+01   1.262497e+02   0.000000e+00   4262s
  791885    6.4671280e+01   8.882184e+02   0.000000e+00   4266s
  792603    6.4671280e+01   1.252871e+02   0.000000e+00   4273s
  792962    6.4671280e+01   1.576743e+02   0.000000e+00   4276s
  793680    6.4671281e+01   2.648879e+02   0.000000e+00   4284s
  794039    6.4671281e+01   2.355964e+02   0.000000e+00   4287s
  794398    6.4671281e+01   3.025538e+02   0.000000e+00   4291s
  795116    6.4671282e+01   1.155534e+02   0.000000e+00   4298s
  795475    6.4671282e+01   1.211384e+02   0.000000e+00   4302s
  795834    6.4671282e+01   1.799314e+02   0.000000e+00   4305s
  796552    6.4671282e+01   1.084889e+02   0.000000e+00   4312s
  796911    6.4671283e+01   1.908672e+02   0.000000e+00   4316s
  797629    6.4671283e+01   2.193591e+02   0.000000e+00   4323s
  797988    6.4671283e+01   4.009962e+02   0.000000e+00   4327s
  798347    6.4671283e+01   6.429500e+02   0.000000e+00   4331s
  799065    6.4671284e+01   2.790911e+02   0.000000e+00   4338s
  799424    6.4671284e+01   1.556377e+03   0.000000e+00   4342s
  799783    6.4671284e+01   3.158825e+02   0.000000e+00   4345s
  800501    6.4671284e+01   8.536162e+01   0.000000e+00   4353s
  800860    6.4671284e+01   1.622281e+02   0.000000e+00   4356s
  801219    6.4671284e+01   1.565068e+02   0.000000e+00   4360s
  801937    6.4671285e+01   9.061571e+01   0.000000e+00   4367s
  802296    6.4671285e+01   1.753991e+02   0.000000e+00   4371s
  803014    6.4671285e+01   1.919375e+02   0.000000e+00   4378s
  803373    6.4671286e+01   4.960049e+02   0.000000e+00   4382s
  803732    6.4671286e+01   3.550577e+02   0.000000e+00   4385s
  804450    6.4671286e+01   9.197715e+01   0.000000e+00   4393s
  804809    6.4671286e+01   1.298775e+02   0.000000e+00   4396s
  805168    6.4671286e+01   1.954540e+02   0.000000e+00   4400s
  805886    6.4671287e+01   8.878125e+01   0.000000e+00   4407s
  806245    6.4671287e+01   8.255112e+01   0.000000e+00   4411s
  806963    6.4671287e+01   1.802285e+02   0.000000e+00   4418s
  807322    6.4671287e+01   1.755060e+02   0.000000e+00   4422s
  807681    6.4671287e+01   1.723625e+02   0.000000e+00   4426s
  808399    6.4671288e+01   1.225297e+02   0.000000e+00   4433s
  808758    6.4671288e+01   1.930998e+02   0.000000e+00   4437s
  809117    6.4671288e+01   1.500718e+02   0.000000e+00   4441s
  809835    6.4671288e+01   2.361082e+03   0.000000e+00   4448s
  810194    6.4671288e+01   7.682392e+01   0.000000e+00   4452s
  810553    6.4671289e+01   8.902541e+01   0.000000e+00   4455s
  811271    6.4671289e+01   1.222315e+02   0.000000e+00   4462s
  811630    6.4671289e+01   2.205277e+02   0.000000e+00   4466s
  812348    6.4671290e+01   1.231929e+02   0.000000e+00   4473s
  812707    6.4671290e+01   1.198666e+02   0.000000e+00   4477s
  813066    6.4671290e+01   2.939987e+02   0.000000e+00   4480s
  813784    6.4671290e+01   7.411583e+01   0.000000e+00   4488s
  814143    6.4671290e+01   2.886881e+02   0.000000e+00   4491s
  814502    6.4671291e+01   3.854689e+03   0.000000e+00   4495s
  815220    6.4671291e+01   1.022839e+02   0.000000e+00   4502s
  815579    6.4671291e+01   6.503120e+01   0.000000e+00   4506s
  816297    6.4671291e+01   9.462039e+02   0.000000e+00   4513s
  816656    6.4671291e+01   1.144856e+02   0.000000e+00   4517s
  817015    6.4671292e+01   1.015686e+02   0.000000e+00   4521s
  817733    6.4671292e+01   1.093655e+02   0.000000e+00   4528s
  818092    6.4671292e+01   1.066456e+02   0.000000e+00   4532s
  818451    6.4671292e+01   7.907370e+01   0.000000e+00   4535s
  819169    6.4671293e+01   1.128449e+02   0.000000e+00   4543s
  819528    6.4671293e+01   2.266343e+02   0.000000e+00   4546s
  819887    6.4671293e+01   1.104261e+02   0.000000e+00   4550s
  820605    6.4671293e+01   5.092612e+02   0.000000e+00   4558s
  820964    6.4671293e+01   5.299799e+02   0.000000e+00   4561s
  821682    6.4671294e+01   1.989005e+02   0.000000e+00   4569s
  822041    6.4671294e+01   1.926956e+02   0.000000e+00   4572s
  822400    6.4671294e+01   7.928114e+01   0.000000e+00   4576s
  823118    6.4671294e+01   5.035330e+01   0.000000e+00   4583s
  823477    6.4671294e+01   6.364295e+01   0.000000e+00   4587s
  823836    6.4671294e+01   1.612511e+02   0.000000e+00   4591s
  824554    6.4671295e+01   8.033189e+02   0.000000e+00   4598s
  824913    6.4671295e+01   9.103224e+01   0.000000e+00   4602s
  825272    6.4671295e+01   1.030687e+02   0.000000e+00   4605s
  825990    6.4671295e+01   1.525922e+02   0.000000e+00   4613s
  826349    6.4671295e+01   3.379809e+02   0.000000e+00   4616s
  826708    6.4671296e+01   4.673922e+02   0.000000e+00   4620s
  827426    6.4671296e+01   8.344944e+01   0.000000e+00   4627s
  827785    6.4671296e+01   1.010303e+02   0.000000e+00   4631s
  828503    6.4671296e+01   5.397636e+01   0.000000e+00   4638s
  828862    6.4671296e+01   3.186675e+02   0.000000e+00   4642s
  829221    6.4671296e+01   2.101265e+02   0.000000e+00   4646s
  829939    6.4671297e+01   6.808360e+01   0.000000e+00   4653s
  830298    6.4671297e+01   9.887056e+01   0.000000e+00   4657s
  830657    6.4671297e+01   8.104550e+01   0.000000e+00   4661s
  831375    6.4671297e+01   2.511349e+02   0.000000e+00   4668s
  831734    6.4671297e+01   4.282052e+02   0.000000e+00   4672s
  832093    6.4671298e+01   1.166612e+02   0.000000e+00   4675s
  832811    6.4671298e+01   6.781485e+01   0.000000e+00   4683s
  833170    6.4671298e+01   5.937428e+01   0.000000e+00   4686s
  833888    6.4671298e+01   1.557297e+02   0.000000e+00   4693s
  834247    6.4671298e+01   1.878766e+02   0.000000e+00   4697s
  834606    6.4671298e+01   8.586442e+01   0.000000e+00   4701s
  835324    6.4671299e+01   1.148660e+03   0.000000e+00   4708s
  835683    6.4671299e+01   9.539277e+01   0.000000e+00   4712s
  836042    6.4671299e+01   8.756688e+01   0.000000e+00   4715s
  836760    6.4671299e+01   5.755976e+01   0.000000e+00   4723s
  837119    6.4671300e+01   9.203496e+01   0.000000e+00   4726s
  837478    6.4671300e+01   3.142003e+02   0.000000e+00   4730s
  838196    6.4671300e+01   1.505749e+02   0.000000e+00   4737s
  838555    6.4671300e+01   1.537014e+02   0.000000e+00   4741s
  839273    6.4671300e+01   8.413394e+01   0.000000e+00   4748s
  839632    6.4671300e+01   7.436229e+01   0.000000e+00   4752s
  839991    6.4671301e+01   2.276461e+02   0.000000e+00   4756s
  840709    6.4671301e+01   5.361492e+01   0.000000e+00   4763s
  841068    6.4671301e+01   6.656562e+01   0.000000e+00   4767s
  841427    6.4671301e+01   2.153539e+02   0.000000e+00   4770s
  842145    6.4671301e+01   4.930196e+02   0.000000e+00   4778s
  842504    6.4671302e+01   3.451243e+02   0.000000e+00   4781s
  842863    6.4671302e+01   1.307137e+02   0.000000e+00   4785s
  843581    6.4671302e+01   1.557405e+02   0.000000e+00   4792s
  843940    6.4671302e+01   1.184569e+02   0.000000e+00   4796s
  844658    6.4671302e+01   7.618687e+01   0.000000e+00   4803s
  845017    6.4671302e+01   3.253193e+02   0.000000e+00   4807s
  845376    6.4671303e+01   1.594355e+02   0.000000e+00   4811s
  846094    6.4671303e+01   8.154278e+01   0.000000e+00   4818s
  846453    6.4671303e+01   1.460187e+02   0.000000e+00   4822s
  846812    6.4671303e+01   1.418718e+02   0.000000e+00   4825s
  847530    6.4671303e+01   9.032800e+01   0.000000e+00   4833s
  847889    6.4671304e+01   1.101340e+02   0.000000e+00   4836s
  848607    6.4671304e+01   1.078994e+02   0.000000e+00   4843s
  848966    6.4671304e+01   9.488947e+01   0.000000e+00   4847s
  849325    6.4671305e+01   1.433564e+02   0.000000e+00   4851s
  850043    6.4671305e+01   1.195999e+02   0.000000e+00   4858s
  850402    6.4671305e+01   1.255797e+02   0.000000e+00   4861s
  851120    6.4671305e+01   7.409471e+01   0.000000e+00   4869s
  851479    6.4671306e+01   7.196306e+01   0.000000e+00   4872s
  851838    6.4671306e+01   1.028122e+02   0.000000e+00   4876s
  852556    6.4671306e+01   8.422501e+01   0.000000e+00   4883s
  852915    6.4671306e+01   6.287496e+01   0.000000e+00   4887s
  853274    6.4671306e+01   6.577117e+01   0.000000e+00   4890s
  853992    6.4671306e+01   1.877895e+02   0.000000e+00   4898s
  854351    6.4671307e+01   8.054814e+01   0.000000e+00   4901s
  854710    6.4671307e+01   2.158187e+02   0.000000e+00   4905s
  855428    6.4671307e+01   5.867123e+01   0.000000e+00   4912s
  855787    6.4671307e+01   8.235928e+01   0.000000e+00   4916s
  856505    6.4671307e+01   1.428957e+02   0.000000e+00   4923s
  856864    6.4671308e+01   1.197069e+02   0.000000e+00   4927s
  857223    6.4671308e+01   6.811395e+01   0.000000e+00   4931s
  857941    6.4671308e+01   4.417959e+01   0.000000e+00   4938s
  858300    6.4671308e+01   6.390181e+01   0.000000e+00   4942s
  858659    6.4671308e+01   4.215514e+02   0.000000e+00   4945s
  859377    6.4671308e+01   1.075330e+02   0.000000e+00   4952s
  859736    6.4671308e+01   5.750379e+01   0.000000e+00   4956s
  860454    6.4671309e+01   7.289215e+01   0.000000e+00   4963s
  860813    6.4671309e+01   1.050750e+02   0.000000e+00   4967s
  861172    6.4671309e+01   4.787439e+01   0.000000e+00   4971s
  861890    6.4671309e+01   5.961917e+01   0.000000e+00   4978s
  862249    6.4671309e+01   3.724863e+01   0.000000e+00   4981s
  862608    6.4671309e+01   9.800199e+01   0.000000e+00   4985s
  863326    6.4671309e+01   3.213779e+02   0.000000e+00   4992s
  863685    6.4671310e+01   5.064327e+01   0.000000e+00   4996s
  864403    6.4671310e+01   5.350884e+01   0.000000e+00   5003s
  864762    6.4671310e+01   4.166650e+01   0.000000e+00   5007s
  865121    6.4671310e+01   7.313103e+01   0.000000e+00   5011s
  865839    6.4671310e+01   5.053060e+02   0.000000e+00   5018s
  866198    6.4671310e+01   1.075499e+02   0.000000e+00   5021s
  866916    6.4671310e+01   5.320954e+01   0.000000e+00   5029s
  867275    6.4671311e+01   8.453398e+02   0.000000e+00   5032s
  867634    6.4671311e+01   1.220803e+02   0.000000e+00   5036s
  868352    6.4671311e+01   3.961016e+02   0.000000e+00   5043s
  868711    6.4671311e+01   6.996385e+01   0.000000e+00   5047s
  869070    6.4671311e+01   8.901361e+01   0.000000e+00   5050s
  869788    6.4671311e+01   4.027645e+01   0.000000e+00   5057s
  870147    6.4671311e+01   1.465268e+02   0.000000e+00   5061s
  870865    6.4671312e+01   5.702412e+01   0.000000e+00   5068s
  871224    6.4671312e+01   5.215969e+01   0.000000e+00   5072s
  871583    6.4671312e+01   5.050453e+01   0.000000e+00   5075s
  872301    6.4671312e+01   6.133510e+01   0.000000e+00   5082s
  872660    6.4671312e+01   4.721844e+01   0.000000e+00   5086s
  873378    6.4671312e+01   4.322384e+01   0.000000e+00   5093s
  873737    6.4671312e+01   3.429881e+02   0.000000e+00   5097s
  874096    6.4671313e+01   4.338169e+01   0.000000e+00   5100s
  874814    6.4671313e+01   3.024549e+01   0.000000e+00   5108s
  875173    6.4671313e+01   5.515293e+01   0.000000e+00   5111s
  875891    6.4671313e+01   4.578267e+02   0.000000e+00   5118s
  876250    6.4671313e+01   2.968056e+02   0.000000e+00   5122s
  876609    6.4671314e+01   1.604705e+02   0.000000e+00   5125s
  877327    6.4671314e+01   8.949308e+01   0.000000e+00   5133s
  877686    6.4671314e+01   1.330449e+02   0.000000e+00   5136s
  878404    6.4671315e+01   1.794623e+02   0.000000e+00   5143s
  878763    6.4671315e+01   7.295909e+01   0.000000e+00   5147s
  879122    6.4671315e+01   6.093622e+01   0.000000e+00   5150s
  879840    6.4671315e+01   3.045036e+02   0.000000e+00   5157s
  880199    6.4671315e+01   1.867356e+02   0.000000e+00   5161s
  880917    6.4671316e+01   1.569494e+02   0.000000e+00   5168s
  881276    6.4671316e+01   3.150480e+02   0.000000e+00   5171s
  881994    6.4671316e+01   1.658244e+02   0.000000e+00   5178s
  882353    6.4671316e+01   6.211325e+01   0.000000e+00   5182s
  882712    6.4671316e+01   2.001482e+02   0.000000e+00   5185s
  883430    6.4671316e+01   1.186723e+02   0.000000e+00   5192s
  883789    6.4671317e+01   3.013744e+02   0.000000e+00   5196s
  884507    6.4671317e+01   2.788071e+02   0.000000e+00   5203s
  884866    6.4671317e+01   5.245842e+01   0.000000e+00   5206s
  885584    6.4671317e+01   2.319058e+02   0.000000e+00   5213s
  885943    6.4671317e+01   1.354230e+02   0.000000e+00   5217s
  886302    6.4671317e+01   7.135874e+01   0.000000e+00   5220s
  887020    6.4671318e+01   4.463587e+01   0.000000e+00   5227s
  887379    6.4671318e+01   2.207731e+02   0.000000e+00   5231s
  888097    6.4671318e+01   8.021563e+01   0.000000e+00   5238s
  888456    6.4671318e+01   8.930305e+01   0.000000e+00   5241s
  888815    6.4671318e+01   4.066888e+02   0.000000e+00   5245s
  889533    6.4671319e+01   9.895187e+01   0.000000e+00   5252s
  889892    6.4671319e+01   6.218070e+01   0.000000e+00   5256s
  890610    6.4671319e+01   1.494272e+02   0.000000e+00   5263s
  890969    6.4671319e+01   7.142399e+01   0.000000e+00   5266s
  891687    6.4671319e+01   1.167975e+02   0.000000e+00   5273s
  892046    6.4671319e+01   7.105586e+01   0.000000e+00   5277s
  892405    6.4671319e+01   1.531879e+02   0.000000e+00   5280s
  893123    6.4671320e+01   7.039134e+01   0.000000e+00   5287s
  893482    6.4671320e+01   6.198028e+01   0.000000e+00   5291s
  894200    6.4671320e+01   5.249926e+01   0.000000e+00   5298s
  894559    6.4671320e+01   8.728882e+01   0.000000e+00   5302s
  894918    6.4671320e+01   1.509538e+02   0.000000e+00   5305s
  895636    6.4671320e+01   1.199059e+02   0.000000e+00   5312s
  895995    6.4671320e+01   5.828783e+01   0.000000e+00   5316s
  896713    6.4671321e+01   7.749152e+01   0.000000e+00   5323s
  897072    6.4671321e+01   2.170553e+02   0.000000e+00   5327s
  897431    6.4671321e+01   8.117955e+01   0.000000e+00   5330s
  898149    6.4671321e+01   9.105286e+02   0.000000e+00   5337s
  898508    6.4671321e+01   5.312608e+01   0.000000e+00   5341s
  899226    6.4671321e+01   3.050272e+01   0.000000e+00   5348s
  899585    6.4671321e+01   4.817661e+01   0.000000e+00   5352s
  899944    6.4671321e+01   9.358731e+01   0.000000e+00   5355s
  900662    6.4671322e+01   5.787781e+01   0.000000e+00   5363s
  901021    6.4671322e+01   6.423602e+02   0.000000e+00   5366s
  901739    6.4671322e+01   4.436418e+01   0.000000e+00   5373s
  902098    6.4671322e+01   5.202867e+01   0.000000e+00   5377s
  902457    6.4671322e+01   9.294984e+01   0.000000e+00   5380s
  903175    6.4671322e+01   1.754733e+03   0.000000e+00   5388s
  903534    6.4671323e+01   4.914216e+01   0.000000e+00   5391s
  904252    6.4671323e+01   4.695257e+01   0.000000e+00   5398s
  904611    6.4671323e+01   7.813778e+01   0.000000e+00   5402s
  904970    6.4671323e+01   6.250521e+01   0.000000e+00   5405s
  905688    6.4671323e+01   2.855834e+02   0.000000e+00   5413s
  906047    6.4671323e+01   1.347493e+02   0.000000e+00   5416s
  906765    6.4671323e+01   6.058710e+01   0.000000e+00   5423s
  907124    6.4671324e+01   1.415870e+02   0.000000e+00   5427s
  907483    6.4671324e+01   7.535631e+01   0.000000e+00   5430s
  908201    6.4671324e+01   5.391161e+01   0.000000e+00   5438s
  908560    6.4671324e+01   1.166059e+02   0.000000e+00   5441s
  909278    6.4671324e+01   4.221233e+01   0.000000e+00   5448s
  909637    6.4671324e+01   3.677287e+01   0.000000e+00   5452s
  909996    6.4671324e+01   3.962980e+01   0.000000e+00   5455s
  910714    6.4671324e+01   4.697982e+01   0.000000e+00   5463s
  911073    6.4671325e+01   3.763593e+01   0.000000e+00   5466s
  911791    6.4671325e+01   5.225117e+01   0.000000e+00   5473s
  912150    6.4671325e+01   3.264978e+01   0.000000e+00   5477s
  912509    6.4671325e+01   7.478117e+01   0.000000e+00   5480s
  913227    6.4671325e+01   7.645543e+01   0.000000e+00   5488s
  913586    6.4671325e+01   4.276349e+02   0.000000e+00   5491s
  914304    6.4671325e+01   5.555529e+01   0.000000e+00   5498s
  914663    6.4671325e+01   3.636232e+01   0.000000e+00   5502s
  915022    6.4671325e+01   9.451050e+01   0.000000e+00   5506s
  915740    6.4671326e+01   2.799935e+01   0.000000e+00   5513s
  916099    6.4671326e+01   8.630153e+01   0.000000e+00   5516s
  916817    6.4671326e+01   2.656401e+02   0.000000e+00   5524s
  917176    6.4671326e+01   1.217386e+02   0.000000e+00   5527s
  917535    6.4671326e+01   3.603426e+01   0.000000e+00   5531s
  918253    6.4671326e+01   1.639561e+02   0.000000e+00   5538s
  918612    6.4671326e+01   2.593151e+02   0.000000e+00   5542s
  918971    6.4671326e+01   7.133873e+01   0.000000e+00   5545s
  919689    6.4671327e+01   2.067641e+02   0.000000e+00   5552s
  920048    6.4671327e+01   2.382470e+02   0.000000e+00   5556s
  920766    6.4671327e+01   3.189598e+01   0.000000e+00   5563s
  921125    6.4671327e+01   8.268800e+01   0.000000e+00   5567s
  921484    6.4671327e+01   5.206947e+01   0.000000e+00   5570s
  922202    6.4671327e+01   3.790154e+01   0.000000e+00   5577s
  922561    6.4671327e+01   5.278799e+01   0.000000e+00   5581s
  923279    6.4671327e+01   1.387324e+02   0.000000e+00   5588s
  923638    6.4671327e+01   1.087530e+02   0.000000e+00   5591s
  924356    6.4671328e+01   4.171579e+01   0.000000e+00   5598s
  924715    6.4671328e+01   1.308983e+02   0.000000e+00   5602s
  925074    6.4671328e+01   4.821863e+01   0.000000e+00   5605s
  925792    6.4671328e+01   6.765655e+01   0.000000e+00   5612s
  926151    6.4671328e+01   8.760070e+01   0.000000e+00   5616s
  926869    6.4671329e+01   3.350379e+01   0.000000e+00   5623s
  927228    6.4671329e+01   1.344138e+03   0.000000e+00   5627s
  927587    6.4671329e+01   6.035524e+01   0.000000e+00   5630s
  928305    6.4671329e+01   5.170720e+01   0.000000e+00   5637s
  928664    6.4671329e+01   2.186302e+02   0.000000e+00   5641s
  929382    6.4671329e+01   2.956506e+01   0.000000e+00   5648s
  929741    6.4671329e+01   1.948876e+02   0.000000e+00   5652s
  930100    6.4671329e+01   3.712972e+01   0.000000e+00   5655s
  930818    6.4671330e+01   1.160420e+02   0.000000e+00   5662s
  931177    6.4671330e+01   4.344683e+01   0.000000e+00   5666s
  931895    6.4671330e+01   7.046252e+01   0.000000e+00   5673s
  932254    6.4671330e+01   2.139016e+02   0.000000e+00   5676s
  932613    6.4671330e+01   8.205291e+01   0.000000e+00   5680s
  933331    6.4671330e+01   8.500518e+01   0.000000e+00   5687s
  933690    6.4671330e+01   4.847445e+01   0.000000e+00   5691s
  934408    6.4671330e+01   3.734253e+01   0.000000e+00   5698s
  934767    6.4671330e+01   4.240346e+01   0.000000e+00   5702s
  935126    6.4671330e+01   5.810633e+01   0.000000e+00   5705s
  935844    6.4671331e+01   3.264991e+01   0.000000e+00   5712s
  936203    6.4671331e+01   6.388731e+01   0.000000e+00   5716s
  936921    6.4671331e+01   4.154580e+02   0.000000e+00   5723s
  937280    6.4671331e+01   5.349033e+01   0.000000e+00   5727s
  937639    6.4671331e+01   9.678498e+01   0.000000e+00   5730s
  938357    6.4671331e+01   1.320821e+02   0.000000e+00   5737s
  938716    6.4671331e+01   5.004715e+01   0.000000e+00   5741s
  939434    6.4671331e+01   7.237563e+01   0.000000e+00   5748s
  939793    6.4671332e+01   2.256633e+01   0.000000e+00   5752s
  940152    6.4671332e+01   6.630417e+01   0.000000e+00   5755s
  940870    6.4671332e+01   9.821744e+01   0.000000e+00   5762s
  941229    6.4671332e+01   1.224257e+02   0.000000e+00   5766s
  941947    6.4671332e+01   8.323225e+01   0.000000e+00   5773s
  942306    6.4671332e+01   9.226204e+01   0.000000e+00   5777s
  942665    6.4671332e+01   2.695298e+01   0.000000e+00   5780s
  943383    6.4671332e+01   1.021919e+02   0.000000e+00   5788s
  943742    6.4671332e+01   4.340927e+01   0.000000e+00   5791s
  944460    6.4671333e+01   7.538788e+01   0.000000e+00   5798s
  944819    6.4671333e+01   7.094912e+01   0.000000e+00   5802s
  945178    6.4671333e+01   5.187800e+01   0.000000e+00   5806s
  945896    6.4671333e+01   2.429008e+01   0.000000e+00   5813s
  946255    6.4671333e+01   3.237585e+02   0.000000e+00   5816s
  946973    6.4671333e+01   9.149289e+01   0.000000e+00   5824s
  947332    6.4671333e+01   3.250269e+01   0.000000e+00   5827s
  947691    6.4671333e+01   8.194409e+01   0.000000e+00   5831s
  948409    6.4671333e+01   7.852620e+01   0.000000e+00   5838s
  948768    6.4671334e+01   4.152907e+01   0.000000e+00   5842s
  949127    6.4671334e+01   4.711184e+01   0.000000e+00   5845s
  949845    6.4671334e+01   2.320968e+02   0.000000e+00   5852s
  950204    6.4671334e+01   8.187280e+01   0.000000e+00   5856s
  950922    6.4671334e+01   2.577318e+01   0.000000e+00   5863s
  951281    6.4671334e+01   6.430141e+01   0.000000e+00   5867s
  951640    6.4671334e+01   3.920221e+01   0.000000e+00   5870s
  952358    6.4671334e+01   3.281697e+01   0.000000e+00   5878s
  952717    6.4671334e+01   2.448125e+01   0.000000e+00   5881s
  953435    6.4671334e+01   1.450864e+02   0.000000e+00   5888s
  953794    6.4671334e+01   1.418674e+02   0.000000e+00   5892s
  954153    6.4671335e+01   3.810896e+01   0.000000e+00   5895s
  954871    6.4671335e+01   1.203966e+02   0.000000e+00   5903s
  955230    6.4671335e+01   3.719238e+01   0.000000e+00   5906s
  955948    6.4671335e+01   3.011593e+01   0.000000e+00   5913s
  956307    6.4671335e+01   4.555937e+01   0.000000e+00   5917s
  956666    6.4671335e+01   3.318979e+01   0.000000e+00   5921s
  957384    6.4671335e+01   3.666060e+01   0.000000e+00   5928s
  957743    6.4671335e+01   2.423841e+01   0.000000e+00   5931s
  958461    6.4671335e+01   1.000416e+02   0.000000e+00   5938s
  958820    6.4671335e+01   8.899376e+01   0.000000e+00   5942s
  959179    6.4671336e+01   5.740838e+01   0.000000e+00   5946s
  959897    6.4671336e+01   1.389602e+02   0.000000e+00   5953s
  960256    6.4671336e+01   8.633945e+01   0.000000e+00   5957s
  960615    6.4671336e+01   4.657990e+01   0.000000e+00   5960s
  961333    6.4671336e+01   2.636187e+01   0.000000e+00   5967s
  961692    6.4671336e+01   2.267210e+01   0.000000e+00   5971s
  962410    6.4671336e+01   2.433930e+02   0.000000e+00   5978s
  962769    6.4671336e+01   3.529760e+01   0.000000e+00   5982s
  963128    6.4671336e+01   2.368475e+01   0.000000e+00   5986s
  963846    6.4671337e+01   3.039407e+01   0.000000e+00   5993s
  964205    6.4671337e+01   5.477647e+01   0.000000e+00   5996s
  964923    6.4671337e+01   2.962933e+01   0.000000e+00   6004s
  965282    6.4671337e+01   5.204627e+01   0.000000e+00   6007s
  965641    6.4671337e+01   1.459394e+02   0.000000e+00   6011s
  966359    6.4671337e+01   2.537567e+01   0.000000e+00   6018s
  966718    6.4671337e+01   9.878545e+01   0.000000e+00   6022s
  967077    6.4671337e+01   5.645972e+01   0.000000e+00   6025s
  967795    6.4671337e+01   3.189502e+01   0.000000e+00   6032s
  968154    6.4671337e+01   3.348520e+01   0.000000e+00   6036s
  968872    6.4671337e+01   6.381200e+01   0.000000e+00   6043s
  969231    6.4671337e+01   3.217729e+01   0.000000e+00   6047s
  969590    6.4671337e+01   3.069907e+01   0.000000e+00   6050s
  970308    6.4671338e+01   8.232376e+01   0.000000e+00   6058s
  970667    6.4671338e+01   2.306546e+01   0.000000e+00   6061s
  971385    6.4671338e+01   4.769237e+01   0.000000e+00   6068s
  971744    6.4671338e+01   8.292426e+01   0.000000e+00   6072s
  972103    6.4671338e+01   7.139798e+01   0.000000e+00   6076s
  972821    6.4671338e+01   2.851139e+01   0.000000e+00   6083s
  973180    6.4671338e+01   5.726468e+01   0.000000e+00   6086s
  973539    6.4671338e+01   7.611256e+01   0.000000e+00   6090s
  974257    6.4671338e+01   7.094561e+01   0.000000e+00   6097s
  974616    6.4671338e+01   3.749464e+01   0.000000e+00   6101s
  975334    6.4671339e+01   1.016457e+02   0.000000e+00   6108s
  975693    6.4671339e+01   1.080806e+02   0.000000e+00   6112s
  976052    6.4671339e+01   4.698746e+01   0.000000e+00   6115s
  976770    6.4671339e+01   2.798258e+01   0.000000e+00   6123s
  977129    6.4671339e+01   2.175140e+01   0.000000e+00   6126s
  977488    6.4671339e+01   6.332736e+01   0.000000e+00   6130s
  978206    6.4671339e+01   8.442740e+01   0.000000e+00   6137s
  978565    6.4671339e+01   2.455025e+01   0.000000e+00   6141s
  979283    6.4671339e+01   3.075398e+01   0.000000e+00   6148s
  979642    6.4671339e+01   8.568067e+01   0.000000e+00   6152s
  980001    6.4671339e+01   5.388078e+01   0.000000e+00   6156s
  980719    6.4671339e+01   1.600166e+02   0.000000e+00   6163s
  981078    6.4671339e+01   1.966113e+01   0.000000e+00   6167s
  981437    6.4671340e+01   6.931023e+01   0.000000e+00   6170s
  982155    6.4671340e+01   5.875134e+01   0.000000e+00   6177s
  982514    6.4671340e+01   4.784237e+01   0.000000e+00   6181s
  983232    6.4671340e+01   6.094318e+02   0.000000e+00   6188s
  983591    6.4671340e+01   3.064432e+01   0.000000e+00   6192s
  983950    6.4671340e+01   4.065266e+01   0.000000e+00   6196s
  984668    6.4671340e+01   4.008245e+01   0.000000e+00   6203s
  985027    6.4671340e+01   6.821078e+01   0.000000e+00   6207s
  985386    6.4671340e+01   1.035236e+02   0.000000e+00   6210s
  986104    6.4671340e+01   9.499358e+01   0.000000e+00   6218s
  986463    6.4671341e+01   3.502329e+02   0.000000e+00   6221s
  987181    6.4671341e+01   3.635541e+02   0.000000e+00   6228s
  987540    6.4671341e+01   4.275443e+01   0.000000e+00   6232s
  987899    6.4671341e+01   3.619927e+01   0.000000e+00   6236s
  988617    6.4671341e+01   4.778899e+01   0.000000e+00   6243s
  988976    6.4671341e+01   5.849522e+01   0.000000e+00   6247s
  989335    6.4671341e+01   2.630787e+01   0.000000e+00   6250s
  990053    6.4671341e+01   2.628081e+02   0.000000e+00   6257s
  990412    6.4671341e+01   5.564521e+01   0.000000e+00   6261s
  991130    6.4671341e+01   2.178218e+01   0.000000e+00   6268s
  991489    6.4671341e+01   4.660734e+01   0.000000e+00   6272s
  991848    6.4671342e+01   2.773986e+01   0.000000e+00   6276s
  992566    6.4671342e+01   5.964550e+02   0.000000e+00   6283s
  992925    6.4671342e+01   4.633644e+02   0.000000e+00   6286s
  993643    6.4671343e+01   6.589124e+02   0.000000e+00   6293s
  994002    6.4671343e+01   2.877673e+02   0.000000e+00   6297s
  994361    6.4671343e+01   6.771801e+03   0.000000e+00   6300s
  995079    6.4671343e+01   6.719938e+01   0.000000e+00   6307s
  995438    6.4671344e+01   1.475809e+03   0.000000e+00   6311s
  996156    6.4671344e+01   9.121641e+02   0.000000e+00   6318s
  996515    6.4671344e+01   7.519452e+01   0.000000e+00   6322s
  996874    6.4671345e+01   3.211827e+03   0.000000e+00   6325s
  997592    6.4671345e+01   5.716506e+02   0.000000e+00   6332s
  997951    6.4671345e+01   1.512870e+02   0.000000e+00   6336s
  998669    6.4671346e+01   1.878134e+02   0.000000e+00   6343s
  999028    6.4671346e+01   4.577192e+02   0.000000e+00   6346s
  999746    6.4671346e+01   4.930883e+02   0.000000e+00   6353s
 1000105    6.4671346e+01   1.503109e+01   0.000000e+00   6356s
 1000823    6.4671347e+01   1.138142e+02   0.000000e+00   6363s
 1001182    6.4671347e+01   1.006424e+03   0.000000e+00   6367s
 1001541    6.4671347e+01   3.852919e+01   0.000000e+00   6370s
 1002259    6.4671348e+01   1.226901e+02   0.000000e+00   6377s
 1002618    6.4671348e+01   6.399703e+01   0.000000e+00   6381s
 1003336    6.4671348e+01   2.042014e+02   0.000000e+00   6388s
 1003695    6.4671348e+01   8.119274e+01   0.000000e+00   6391s
 1004413    6.4671348e+01   3.882985e+01   0.000000e+00   6398s
 1004772    6.4671349e+01   9.449863e+01   0.000000e+00   6402s
 1005131    6.4671349e+01   4.403580e+01   0.000000e+00   6405s
 1005849    6.4671350e+01   8.722713e+01   0.000000e+00   6412s
 1006208    6.4671350e+01   4.874382e+02   0.000000e+00   6416s
 1006926    6.4671350e+01   9.503826e+01   0.000000e+00   6423s
 1007285    6.4671350e+01   7.704576e+02   0.000000e+00   6426s
 1008003    6.4671351e+01   3.119022e+02   0.000000e+00   6433s
 1008362    6.4671351e+01   4.126426e+01   0.000000e+00   6437s
 1008721    6.4671351e+01   4.524560e+02   0.000000e+00   6440s
 1009439    6.4671352e+01   4.976235e+02   0.000000e+00   6447s
 1009798    6.4671352e+01   4.546103e+02   0.000000e+00   6451s
 1010516    6.4671353e+01   2.715198e+02   0.000000e+00   6458s
 1010875    6.4671353e+01   2.101352e+02   0.000000e+00   6461s
 1011593    6.4671353e+01   8.327728e+01   0.000000e+00   6468s
 1011952    6.4671353e+01   1.965190e+02   0.000000e+00   6472s
 1012311    6.4671354e+01   6.258198e+02   0.000000e+00   6475s
 1013029    6.4671354e+01   6.844530e+02   0.000000e+00   6482s
 1013388    6.4671354e+01   6.386788e+01   0.000000e+00   6485s
 1014106    6.4671355e+01   3.218077e+01   0.000000e+00   6492s
 1014465    6.4671355e+01   1.198161e+03   0.000000e+00   6496s
 1015183    6.4671355e+01   2.477512e+02   0.000000e+00   6503s
 1015542    6.4671355e+01   2.849620e+01   0.000000e+00   6506s
 1016260    6.4671355e+01   9.137425e+01   0.000000e+00   6513s
 1016619    6.4671356e+01   3.872539e+01   0.000000e+00   6516s
 1017337    6.4671356e+01   1.342817e+02   0.000000e+00   6523s
 1017696    6.4671356e+01   1.445734e+02   0.000000e+00   6527s
 1018055    6.4671356e+01   1.479646e+01   0.000000e+00   6530s
 1018773    6.4671356e+01   7.936836e+01   0.000000e+00   6537s
 1019132    6.4671357e+01   3.632273e+01   0.000000e+00   6540s
 1019850    6.4671357e+01   7.328262e+02   0.000000e+00   6547s
 1020209    6.4671357e+01   1.831985e+02   0.000000e+00   6551s
 1020927    6.4671357e+01   6.940963e+00   0.000000e+00   6558s
 1021286    6.4671357e+01   2.541197e+02   0.000000e+00   6561s
 1022004    6.4671358e+01   6.391789e+01   0.000000e+00   6568s
 1022363    6.4671358e+01   3.152452e+01   0.000000e+00   6571s
 1023081    6.4671358e+01   4.721843e+01   0.000000e+00   6578s
 1023440    6.4671358e+01   3.226473e+02   0.000000e+00   6582s
 1023799    6.4671358e+01   2.934723e+02   0.000000e+00   6585s
 1024517    6.4671359e+01   1.365168e+01   0.000000e+00   6592s
 1024876    6.4671359e+01   1.434616e+03   0.000000e+00   6596s
 1025594    6.4671359e+01   8.575297e+02   0.000000e+00   6602s
 1025953    6.4671359e+01   3.169416e+01   0.000000e+00   6606s
 1026671    6.4671360e+01   5.577298e+02   0.000000e+00   6613s
 1027030    6.4671360e+01   1.618462e+02   0.000000e+00   6616s
 1027748    6.4671360e+01   2.510969e+02   0.000000e+00   6623s
 1028107    6.4671360e+01   1.377509e+02   0.000000e+00   6627s
 1028466    6.4671360e+01   3.926642e+02   0.000000e+00   6630s
 1029184    6.4671361e+01   1.869524e+01   0.000000e+00   6637s
 1029543    6.4671361e+01   1.532600e+01   0.000000e+00   6640s
 1030261    6.4671361e+01   3.195598e+02   0.000000e+00   6647s
 1030620    6.4671361e+01   6.541099e+01   0.000000e+00   6651s
 1031338    6.4671361e+01   4.371339e+01   0.000000e+00   6658s
 1031697    6.4671361e+01   3.341305e+01   0.000000e+00   6661s
 1032415    6.4671362e+01   6.764161e+01   0.000000e+00   6668s
 1032774    6.4671362e+01   5.684408e+01   0.000000e+00   6671s
 1033492    6.4671362e+01   5.111881e+01   0.000000e+00   6678s
 1033851    6.4671362e+01   6.714195e+02   0.000000e+00   6682s
 1034210    6.4671362e+01   6.401754e+00   0.000000e+00   6685s
 1034928    6.4671362e+01   3.085146e+01   0.000000e+00   6692s
 1035287    6.4671363e+01   2.859215e+01   0.000000e+00   6696s
 1036005    6.4671363e+01   9.312354e+01   0.000000e+00   6703s
 1036364    6.4671363e+01   2.242182e+02   0.000000e+00   6706s
 1037082    6.4671363e+01   5.373899e+01   0.000000e+00   6713s
 1037441    6.4671363e+01   1.758721e+01   0.000000e+00   6716s
 1038159    6.4671364e+01   3.243540e+01   0.000000e+00   6723s
 1038518    6.4671364e+01   9.513347e+00   0.000000e+00   6727s
 1038877    6.4671364e+01   8.563035e+01   0.000000e+00   6730s
 1039595    6.4671364e+01   8.512704e+01   0.000000e+00   6737s
 1039954    6.4671364e+01   1.429488e+01   0.000000e+00   6741s
 1040672    6.4671364e+01   5.234299e+02   0.000000e+00   6748s
 1041031    6.4671364e+01   1.807738e+01   0.000000e+00   6751s
 1041749    6.4671365e+01   4.026868e+01   0.000000e+00   6758s
 1042108    6.4671365e+01   3.518332e+02   0.000000e+00   6761s
 1042826    6.4671365e+01   3.643821e+01   0.000000e+00   6768s
 1043185    6.4671365e+01   2.513999e+01   0.000000e+00   6772s
 1043544    6.4671365e+01   1.025059e+02   0.000000e+00   6775s
 1044262    6.4671366e+01   1.146120e+01   0.000000e+00   6782s
 1044621    6.4671366e+01   1.078323e+01   0.000000e+00   6786s
 1045339    6.4671366e+01   2.004517e+01   0.000000e+00   6793s
 1045698    6.4671366e+01   1.458113e+02   0.000000e+00   6796s
 1046416    6.4671366e+01   1.399876e+02   0.000000e+00   6803s
 1046775    6.4671366e+01   1.330241e+02   0.000000e+00   6807s
 1047134    6.4671366e+01   6.944032e+00   0.000000e+00   6810s
 1047852    6.4671367e+01   1.096467e+02   0.000000e+00   6817s
 1048211    6.4671367e+01   2.333707e+00   0.000000e+00   6821s
 1048929    6.4671367e+01   9.327356e+01   0.000000e+00   6828s
 1049288    6.4671367e+01   5.724388e+01   0.000000e+00   6831s
 1050006    6.4671367e+01   1.948639e+02   0.000000e+00   6838s
 1050365    6.4671367e+01   1.285957e+01   0.000000e+00   6842s
 1050724    6.4671367e+01   3.045758e+00   0.000000e+00   6845s
 1051442    6.4671367e+01   3.403490e+01   0.000000e+00   6852s
 1051801    6.4671368e+01   5.183427e+01   0.000000e+00   6855s
 1052519    6.4671368e+01   3.397504e+00   0.000000e+00   6862s
 1052878    6.4671368e+01   2.023559e+01   0.000000e+00   6866s
 1053596    6.4671368e+01   3.502918e+01   0.000000e+00   6873s
 1053955    6.4671368e+01   1.405585e+02   0.000000e+00   6876s
 1054673    6.4671368e+01   1.938767e+01   0.000000e+00   6883s
 1055032    6.4671368e+01   3.561031e+00   0.000000e+00   6886s
 1055750    6.4671368e+01   1.207936e+02   0.000000e+00   6893s
 1056109    6.4671368e+01   4.248350e+00   0.000000e+00   6897s
 1056468    6.4671368e+01   3.208050e+01   0.000000e+00   6900s
 1057186    6.4671369e+01   1.388345e+00   0.000000e+00   6907s
 1057545    6.4671369e+01   2.079271e+00   0.000000e+00   6911s
 1058263    6.4671369e+01   1.949033e+00   0.000000e+00   6918s
 1058622    6.4671369e+01   6.069918e+00   0.000000e+00   6921s
 1059340    6.4671369e+01   2.202525e+01   0.000000e+00   6928s
 1059499    6.4666667e+01   0.000000e+00   0.000000e+00   6930s

Root relaxation: objective 6.466667e+01, 1059499 iterations, 6927.49 seconds
Total elapsed time = 7570.20s
Total elapsed time = 8092.10s
Total elapsed time = 8963.66s
Total elapsed time = 9452.09s

    Nodes    |    Current Node    |     Objective Bounds      |     Work
 Expl Unexpl |  Obj  Depth IntInf | Incumbent    BestBd   Gap | It/Node Time

     0     0   64.66667    0  240          -   64.66667      -     - 9787s
H    0     0                    668818.00000   64.66667   100%     - 9811s
     0     0   64.66667    0  892 668818.000   64.66667   100%     - 14695s
H    0     0                    7439.0000000   64.66667  99.1%     - 14763s
     0     0   64.66667    0 1474 7439.00000   64.66667  99.1%     - 18952s
     0     0   64.66667    0  946 7439.00000   64.66667  99.1%     - 21457s
     0     0   64.66667    0  933 7439.00000   64.66667  99.1%     - 22634s
     0     0   64.66667    0  561 7439.00000   64.66667  99.1%     - 28945s
     0     0   64.66667    0  767 7439.00000   64.66667  99.1%     - 29335s
     0     0   64.66667    0  300 7439.00000   64.66667  99.1%     - 35078s
     0     0   64.66667    0  842 7439.00000   64.66667  99.1%     - 39775s
     0     0   64.66667    0  179 7439.00000   64.66667  99.1%     - 54359s
     0     0   64.66667    0  958 7439.00000   64.66667  99.1%     - 59641s
     0     0   64.66667    0  489 7439.00000   64.66667  99.1%     - 72615s
     0     0   64.66667    0 1473 7439.00000   64.66667  99.1%     - 78225s
     0     0          -    0      7439.00000   64.66667  99.1%     - 79999s

Cutting planes:
  Gomory: 6
  Cover: 102
  Implied bound: 181
  Clique: 8
  MIR: 545
  Flow cover: 387
  Zero half: 2

Explored 0 nodes (10048384 simplex iterations) in 79999.79 seconds
Thread count was 8 (of 8 available processors)

Solve interrupted
Best objective 7.439000000000e+03, best bound 6.466666666668e+01, gap 99.1307%

Solution:
0 49 26 25 24 23 22 21 20 19 18 17 16 15 14 13 12 11 10 9 8 7 6 5 4 35 2 48 
0 0 0 0 0 0 0 0 0 0 0 0 0 0 0 0 0 0 0 0 0 0 0 0 0 0 0 0 

Cost: 7439
Lower Bound: 64.6667
