Optimize a model with 7551 rows, 127449 columns and 386560 nonzeros
Model has 2450 quadratic objective terms
Model has 2500 quadratic constraints
Coefficient statistics:
  Matrix range    [1e+00, 1e+03]
  Objective range [0e+00, 0e+00]
  Bounds range    [1e+00, 5e+01]
  RHS range       [1e+00, 1e+04]
Presolve removed 199 rows and 7106 columns
Presolve time: 0.66s
Presolved: 473878 rows, 353581 columns, 1757465 nonzeros
Variable types: 235688 continuous, 117893 integer (117844 binary)

Root simplex log...

Iteration    Objective       Primal Inf.    Dual Inf.      Time
   49972    7.7582513e-04   5.128644e+03   0.000000e+00      5s
   69883    1.1040220e-03   7.594075e+03   0.000000e+00     10s
   77147    1.1919816e-03   1.013173e+04   0.000000e+00     15s
   81090    1.2658898e-03   2.171758e+04   0.000000e+00     22s
   82701    1.3007454e-03   2.361834e+04   0.000000e+00     26s
   84732    1.3231090e-03   1.824321e+04   0.000000e+00     30s
   86581    1.3461626e-03   2.330908e+04   0.000000e+00     36s
   88630    1.3712691e-03   2.199024e+04   0.000000e+00     40s
   89905    1.3869086e-03   1.897157e+04   0.000000e+00     46s
   96919    1.4307780e-03   9.846638e+03   0.000000e+00     50s
  103740    1.4789012e-03   9.569319e+03   0.000000e+00     55s
  107689    1.4997263e-03   9.648855e+03   0.000000e+00     60s
  111638    1.5206833e-03   1.046982e+04   0.000000e+00     65s
  114151    1.5288348e-03   1.570088e+04   0.000000e+00     71s
  115946    1.5376521e-03   4.070282e+04   0.000000e+00     75s
  120254    1.5641561e-03   1.214859e+04   0.000000e+00     80s
  125280    1.6010417e-03   1.058238e+04   0.000000e+00     85s
  129588    1.6230142e-03   8.704410e+03   0.000000e+00     91s
  133178    1.6350224e-03   1.024769e+04   0.000000e+00     96s
  135691    1.6429950e-03   1.462524e+04   0.000000e+00    100s
  138563    1.6550697e-03   9.698070e+03   0.000000e+00    105s
  141435    1.6676572e-03   1.209273e+04   0.000000e+00    111s
  145025    1.6851828e-03   8.273096e+03   0.000000e+00    115s
  147538    1.6970774e-03   9.918325e+03   0.000000e+00    121s
  149333    1.7029311e-03   1.385687e+04   0.000000e+00    125s
  151487    1.7101667e-03   1.862644e+04   0.000000e+00    131s
  153641    1.7171809e-03   2.468785e+04   0.000000e+00    135s
  156872    1.7313558e-03   2.374081e+04   0.000000e+00    140s
  159385    1.7443208e-03   2.123289e+04   0.000000e+00    145s
  162616    1.7567318e-03   1.920228e+04   0.000000e+00    151s
  164770    1.7647967e-03   7.340393e+04   0.000000e+00    155s
  168001    1.7740761e-03   1.791521e+04   0.000000e+00    160s
  170873    1.7833858e-03   1.572300e+04   0.000000e+00    166s
  173745    1.7939873e-03   1.397825e+04   0.000000e+00    170s
  176617    1.8028242e-03   1.267281e+04   0.000000e+00    175s
  178771    1.8079809e-03   9.534110e+03   0.000000e+00    180s
  181643    1.8151362e-03   4.325838e+04   0.000000e+00    185s
  184515    1.8227556e-03   3.804895e+04   0.000000e+00    191s
  186669    1.8285612e-03   2.666595e+04   0.000000e+00    195s
  190977    1.8518922e-03   1.856175e+04   0.000000e+00    201s
  192772    1.8556701e-03   4.160166e+04   0.000000e+00    206s
  194926    1.8626782e-03   1.552111e+04   0.000000e+00    210s
  197080    1.8674379e-03   4.152673e+04   0.000000e+00    216s
  198875    1.8731684e-03   1.015390e+04   0.000000e+00    220s
  202465    1.8923129e-03   8.309692e+03   0.000000e+00    225s
  205337    1.8986717e-03   9.501390e+03   0.000000e+00    231s
  206773    1.9036233e-03   6.779216e+04   0.000000e+00    236s
  209645    1.9144346e-03   1.056122e+04   0.000000e+00    241s
  211440    1.9178795e-03   8.148633e+03   0.000000e+00    246s
  213953    1.9270303e-03   9.826626e+03   0.000000e+00    251s
  216107    1.9349328e-03   2.538813e+04   0.000000e+00    255s
  217902    1.9411540e-03   6.074379e+04   0.000000e+00    261s
  219697    1.9441408e-03   1.264920e+04   0.000000e+00    266s
  221492    1.9467227e-03   5.717107e+03   0.000000e+00    271s
  223646    1.9511970e-03   9.216229e+03   0.000000e+00    276s
  225082    1.9537791e-03   5.182110e+03   0.000000e+00    280s
  226877    1.9565965e-03   1.345292e+04   0.000000e+00    286s
  228672    1.9595714e-03   1.278486e+04   0.000000e+00    290s
  230467    1.9806982e-03   3.245044e+04   0.000000e+00    295s
  231903    1.9909065e-03   3.694913e+04   0.000000e+00    301s
  232621    1.9956466e-03   2.058253e+04   0.000000e+00    305s
  234057    2.0146958e-03   7.055251e+04   0.000000e+00    310s
  235493    2.0334795e-03   2.928734e+04   0.000000e+00    315s
  236929    2.0482759e-03   2.168245e+04   0.000000e+00    320s
  238365    2.0589244e-03   7.836140e+03   0.000000e+00    326s
  239442    2.0658262e-03   1.718993e+04   0.000000e+00    330s
  240519    2.0712219e-03   1.189873e+04   0.000000e+00    335s
  241596    2.0764027e-03   5.736034e+05   0.000000e+00    340s
  243032    2.0872162e-03   2.170322e+04   0.000000e+00    346s
  244109    2.0971763e-03   4.476664e+04   0.000000e+00    351s
  245904    2.1420591e-03   3.398790e+04   0.000000e+00    355s
  247340    2.1521548e-03   8.674812e+03   0.000000e+00    361s
  248417    2.1648781e-03   1.003315e+05   0.000000e+00    365s
  250212    2.1918098e-03   2.039478e+04   0.000000e+00    371s
  252725    2.2470328e-03   4.142844e+04   0.000000e+00    376s
  253802    2.2510992e-03   7.235689e+04   0.000000e+00    380s
  254879    2.2560234e-03   5.524523e+04   0.000000e+00    386s
  255956    2.2599130e-03   6.522601e+04   0.000000e+00    391s
  257751    2.2828310e-03   2.533705e+04   0.000000e+00    395s
  259905    2.3289625e-03   7.657688e+03   0.000000e+00    400s
  261341    2.3397834e-03   3.116791e+05   0.000000e+00    406s
  262777    2.3502605e-03   2.367596e+04   0.000000e+00    410s
  264572    2.3773369e-03   5.836940e+04   0.000000e+00    416s
  265649    2.3815155e-03   9.521580e+04   0.000000e+00    421s
  266726    2.3846037e-03   1.281356e+05   0.000000e+00    426s
  267803    2.3896108e-03   1.193476e+04   0.000000e+00    431s
  268880    2.3977364e-03   1.982884e+04   0.000000e+00    436s
  269957    2.4099560e-03   1.216970e+04   0.000000e+00    440s
  271752    2.4284394e-03   1.052409e+04   0.000000e+00    446s
  273188    2.4476236e-03   1.819832e+04   0.000000e+00    451s
  274624    2.4569500e-03   2.052815e+04   0.000000e+00    455s
  276060    2.4641741e-03   1.597795e+04   0.000000e+00    461s
  277137    2.4675498e-03   1.702374e+04   0.000000e+00    465s
  278573    2.4739330e-03   1.991285e+04   0.000000e+00    472s
  280009    2.5090949e-03   5.751097e+04   0.000000e+00    476s
  281086    2.5116427e-03   2.264725e+04   0.000000e+00    481s
  281804    2.5132965e-03   1.643273e+04   0.000000e+00    485s
  282881    2.5175485e-03   4.554532e+04   0.000000e+00    491s
  283958    2.5225756e-03   2.999612e+04   0.000000e+00    495s
  286112    2.5516715e-03   1.023632e+04   0.000000e+00    501s
  287189    2.5569051e-03   3.169357e+04   0.000000e+00    505s
  288984    2.5721305e-03   4.209495e+04   0.000000e+00    511s
  290061    2.5772359e-03   4.051775e+04   0.000000e+00    515s
  291138    2.5833953e-03   6.047582e+04   0.000000e+00    520s
  292574    2.5898698e-03   1.481758e+05   0.000000e+00    526s
  293651    2.5927933e-03   1.814526e+04   0.000000e+00    531s
  294369    2.5954954e-03   2.241171e+04   0.000000e+00    535s
  295446    2.5987990e-03   2.195245e+04   0.000000e+00    540s
  296523    2.6016446e-03   4.070933e+04   0.000000e+00    546s
  297959    2.6228000e-03   3.530886e+04   0.000000e+00    550s
  299395    2.6331953e-03   2.159306e+04   0.000000e+00    557s
  300113    2.6366544e-03   3.340031e+04   0.000000e+00    560s
  301190    2.6411040e-03   1.227792e+05   0.000000e+00    566s
  302267    2.6438051e-03   2.450365e+04   0.000000e+00    571s
  302985    2.6463524e-03   2.037996e+04   0.000000e+00    575s
  304421    2.6653739e-03   7.866461e+04   0.000000e+00    581s
  305857    2.6832657e-03   1.415960e+04   0.000000e+00    585s
  307652    2.7477158e-03   3.066757e+04   0.000000e+00    590s
  309088    2.7579690e-03   1.005265e+05   0.000000e+00    597s
  310165    2.7629460e-03   3.076587e+04   0.000000e+00    601s
  311242    2.7677750e-03   4.435227e+04   0.000000e+00    607s
  312319    2.7725511e-03   3.599791e+04   0.000000e+00    611s
  313755    2.7957147e-03   1.348545e+04   0.000000e+00    615s
  315191    2.8051139e-03   1.280367e+05   0.000000e+00    621s
  316268    2.8115440e-03   1.034081e+05   0.000000e+00    625s
  317345    2.8157209e-03   2.704086e+05   0.000000e+00    631s
  318422    2.8207782e-03   1.822820e+04   0.000000e+00    636s
  319499    2.8257791e-03   2.839995e+04   0.000000e+00    642s
  320576    2.8357346e-03   2.122697e+05   0.000000e+00    645s
  321653    2.8438843e-03   2.899974e+04   0.000000e+00    650s
  323089    2.8531599e-03   4.639414e+04   0.000000e+00    656s
  324166    2.8583282e-03   2.701604e+04   0.000000e+00    661s
  325602    2.8655035e-03   1.405246e+05   0.000000e+00    666s
  326679    2.8712231e-03   8.607497e+04   0.000000e+00    670s
  327756    2.8752419e-03   5.172879e+04   0.000000e+00    675s
  329192    2.8935669e-03   1.930539e+04   0.000000e+00    681s
  330269    2.8980866e-03   1.876544e+04   0.000000e+00    686s
  331705    2.9205906e-03   1.183231e+05   0.000000e+00    691s
  332782    2.9282159e-03   5.820996e+05   0.000000e+00    696s
  334577    2.9593928e-03   7.476361e+04   0.000000e+00    701s
  335654    2.9645615e-03   3.880991e+04   0.000000e+00    705s
  336731    2.9695788e-03   1.723011e+04   0.000000e+00    711s
  337808    2.9766451e-03   2.019190e+04   0.000000e+00    715s
  339962    2.9932271e-03   4.311179e+04   0.000000e+00    721s
  341757    3.0268104e-03   2.521699e+05   0.000000e+00    726s
  343193    3.0515841e-03   4.665089e+04   0.000000e+00    731s
  344270    3.0644776e-03   1.189230e+05   0.000000e+00    735s
  345347    3.0696428e-03   1.166033e+05   0.000000e+00    741s
  347142    3.0825607e-03   1.040400e+05   0.000000e+00    745s
  348219    3.0891530e-03   5.910536e+04   0.000000e+00    750s
  350014    3.1148626e-03   6.600805e+04   0.000000e+00    756s
  351091    3.1249246e-03   1.165229e+04   0.000000e+00    761s
  352168    3.1287577e-03   5.315014e+04   0.000000e+00    765s
  353604    3.1337631e-03   3.963423e+04   0.000000e+00    771s
  354322    3.1363226e-03   4.024203e+04   0.000000e+00    775s
  355758    3.1419923e-03   1.530530e+04   0.000000e+00    781s
  356835    3.1523445e-03   1.515035e+05   0.000000e+00    786s
  357912    3.1573241e-03   1.448729e+05   0.000000e+00    790s
  358989    3.1604999e-03   2.045993e+04   0.000000e+00    795s
  360066    3.1634363e-03   4.523732e+04   0.000000e+00    801s
  361502    3.1822254e-03   4.052424e+04   0.000000e+00    805s
  362938    3.1928474e-03   3.730702e+04   0.000000e+00    810s
  364374    3.1967625e-03   1.421154e+05   0.000000e+00    816s
  365451    3.2004706e-03   1.692012e+04   0.000000e+00    822s
  366528    3.2136204e-03   2.932561e+04   0.000000e+00    825s
  367964    3.2313472e-03   5.167207e+04   0.000000e+00    830s
  369041    3.2354187e-03   1.573492e+04   0.000000e+00    835s
  370118    3.2382584e-03   1.615443e+04   0.000000e+00    841s
  371195    3.2447123e-03   2.704081e+04   0.000000e+00    846s
  372272    3.2475771e-03   2.888570e+04   0.000000e+00    851s
  373349    3.2504273e-03   5.467738e+04   0.000000e+00    856s
  374067    3.2525059e-03   1.017428e+04   0.000000e+00    860s
  375503    3.2612769e-03   1.467259e+04   0.000000e+00    867s
  376580    3.2675506e-03   3.677567e+04   0.000000e+00    871s
  378016    3.2915690e-03   3.249630e+04   0.000000e+00    875s
  379093    3.2952783e-03   1.315730e+04   0.000000e+00    881s
  380170    3.2990458e-03   1.370251e+04   0.000000e+00    885s
  381247    3.3038651e-03   2.400082e+04   0.000000e+00    890s
  382324    3.3069407e-03   4.408313e+04   0.000000e+00    895s
  383401    3.3108384e-03   8.542266e+04   0.000000e+00    901s
  384837    3.3204180e-03   9.894130e+03   0.000000e+00    906s
  385914    3.3248589e-03   6.590606e+04   0.000000e+00    911s
  387350    3.3477638e-03   6.167290e+04   0.000000e+00    916s
  389145    3.3921274e-03   8.160921e+04   0.000000e+00    920s
  390940    3.4002957e-03   6.265669e+04   0.000000e+00    927s
  391658    3.4034941e-03   2.880381e+04   0.000000e+00    930s
  392735    3.4071032e-03   2.088597e+05   0.000000e+00    936s
  394171    3.4184427e-03   1.818529e+04   0.000000e+00    942s
  394889    3.4213920e-03   7.504315e+04   0.000000e+00    946s
  395966    3.4254505e-03   1.667779e+04   0.000000e+00    950s
  397043    3.4285109e-03   5.951735e+04   0.000000e+00    956s
  398120    3.4311183e-03   2.622334e+04   0.000000e+00    961s
  399197    3.4389380e-03   3.969474e+04   0.000000e+00    966s
  400633    3.4473637e-03   8.521314e+05   0.000000e+00    971s
  401710    3.4498855e-03   2.083788e+04   0.000000e+00    977s
  402787    3.4572864e-03   1.857221e+05   0.000000e+00    981s
  403864    3.4626089e-03   1.882141e+04   0.000000e+00    985s
  404941    3.4670645e-03   2.902161e+04   0.000000e+00    990s
  406377    3.4775120e-03   1.564051e+04   0.000000e+00    997s
  407095    3.4801210e-03   3.661320e+04   0.000000e+00   1000s
  408531    3.4911323e-03   1.506503e+04   0.000000e+00   1006s
  410326    3.5130737e-03   9.170571e+03   0.000000e+00   1011s
  411403    3.5190550e-03   2.282024e+04   0.000000e+00   1015s
  412480    3.5217568e-03   1.795627e+04   0.000000e+00   1021s
  413557    3.5258912e-03   4.279696e+04   0.000000e+00   1026s
  414634    3.5295099e-03   3.463899e+04   0.000000e+00   1031s
  415711    3.5332095e-03   5.317284e+04   0.000000e+00   1035s
  416788    3.5355387e-03   5.615713e+04   0.000000e+00   1041s
  417865    3.5380712e-03   7.565639e+03   0.000000e+00   1046s
  418583    3.5394535e-03   5.434431e+04   0.000000e+00   1050s
  419660    3.5426741e-03   2.366750e+04   0.000000e+00   1056s
  420378    3.5445940e-03   2.021920e+04   0.000000e+00   1060s
  421455    3.5508861e-03   7.592251e+03   0.000000e+00   1065s
  422532    3.5535188e-03   6.724765e+04   0.000000e+00   1071s
  424327    3.5804955e-03   2.852068e+04   0.000000e+00   1076s
  425404    3.5838176e-03   1.667421e+04   0.000000e+00   1082s
  426481    3.5926174e-03   4.353231e+04   0.000000e+00   1086s
  427558    3.5955923e-03   3.468713e+05   0.000000e+00   1091s
  428276    3.5966192e-03   1.843155e+04   0.000000e+00   1096s
  429353    3.6059268e-03   4.477141e+04   0.000000e+00   1101s
  430789    3.6106213e-03   6.167330e+04   0.000000e+00   1106s
  431507    3.6118715e-03   9.264206e+03   0.000000e+00   1111s
  432584    3.6149524e-03   1.321239e+05   0.000000e+00   1116s
  433661    3.6232554e-03   5.474997e+04   0.000000e+00   1120s
  435097    3.6312361e-03   1.465362e+04   0.000000e+00   1127s
  435815    3.6333928e-03   1.772322e+04   0.000000e+00   1131s
  436533    3.6413383e-03   2.938292e+04   0.000000e+00   1135s
  437610    3.6437351e-03   2.582321e+04   0.000000e+00   1142s
  438687    3.6470217e-03   1.390255e+04   0.000000e+00   1146s
  439764    3.6497329e-03   1.211753e+05   0.000000e+00   1152s
  440841    3.6549031e-03   2.046564e+05   0.000000e+00   1157s
  441918    3.6576433e-03   3.088394e+04   0.000000e+00   1162s
  442636    3.6594495e-03   1.630187e+04   0.000000e+00   1166s
  443713    3.6626484e-03   6.613175e+03   0.000000e+00   1172s
  444431    3.6647439e-03   9.213213e+03   0.000000e+00   1176s
  445508    3.6676306e-03   3.867105e+04   0.000000e+00   1182s
  446226    3.6690960e-03   2.697160e+04   0.000000e+00   1186s
  447303    3.6714467e-03   4.180212e+03   0.000000e+00   1192s
  448021    3.6731647e-03   1.005685e+05   0.000000e+00   1196s
  448739    3.6749935e-03   1.190452e+04   0.000000e+00   1200s
  449816    3.6773633e-03   6.087569e+04   0.000000e+00   1206s
  450534    3.6832180e-03   2.528350e+04   0.000000e+00   1210s
  451611    3.6904124e-03   6.917813e+04   0.000000e+00   1217s
  452329    3.6950913e-03   1.941225e+04   0.000000e+00   1221s
  453047    3.6975038e-03   5.148540e+04   0.000000e+00   1225s
  454124    3.7000743e-03   2.025817e+04   0.000000e+00   1232s
  454842    3.7026128e-03   1.669672e+04   0.000000e+00   1235s
  455919    3.7049295e-03   2.240831e+04   0.000000e+00   1241s
  456637    3.7062809e-03   1.188901e+04   0.000000e+00   1246s
  457714    3.7091281e-03   3.374402e+04   0.000000e+00   1252s
  458432    3.7105329e-03   1.052896e+04   0.000000e+00   1256s
  459150    3.7118452e-03   1.333004e+04   0.000000e+00   1260s
  460227    3.7136074e-03   1.161957e+04   0.000000e+00   1266s
  460945    3.7187118e-03   2.411533e+04   0.000000e+00   1270s
  462022    3.7206564e-03   3.049795e+04   0.000000e+00   1276s
  462740    3.7223243e-03   1.383084e+04   0.000000e+00   1280s
  463817    3.7243293e-03   7.853981e+04   0.000000e+00   1287s
  464535    3.7259967e-03   2.938426e+04   0.000000e+00   1291s
  465253    3.7272249e-03   1.242346e+04   0.000000e+00   1295s
  466330    3.7333328e-03   5.098197e+04   0.000000e+00   1301s
  467407    3.7377089e-03   7.092782e+03   0.000000e+00   1305s
  468484    3.7399126e-03   2.556167e+04   0.000000e+00   1310s
  469561    3.7416432e-03   5.421786e+04   0.000000e+00   1316s
  470279    3.7434377e-03   5.983317e+04   0.000000e+00   1320s
  470997    3.7447290e-03   3.001928e+04   0.000000e+00   1325s
  472074    3.7475254e-03   5.803881e+04   0.000000e+00   1332s
  472792    3.7496957e-03   3.749590e+04   0.000000e+00   1335s
  474228    3.7524902e-03   2.142028e+04   0.000000e+00   1342s
  474946    3.7535793e-03   1.495331e+04   0.000000e+00   1347s
  475664    3.7568441e-03   4.402248e+03   0.000000e+00   1351s
  477100    3.7658933e-03   4.131668e+03   0.000000e+00   1356s
  478177    3.7681641e-03   1.962538e+04   0.000000e+00   1362s
  478895    3.7692808e-03   1.240857e+04   0.000000e+00   1366s
  479972    3.7713774e-03   2.021952e+04   0.000000e+00   1372s
  480690    3.7724591e-03   1.458098e+04   0.000000e+00   1376s
  481408    3.7738948e-03   1.119700e+04   0.000000e+00   1380s
  482485    3.7760589e-03   1.133345e+04   0.000000e+00   1387s
  483203    3.7772357e-03   9.149432e+04   0.000000e+00   1391s
  483921    3.7785896e-03   7.561905e+03   0.000000e+00   1395s
  484998    3.7807450e-03   1.164291e+05   0.000000e+00   1402s
  485716    3.7819105e-03   1.769423e+04   0.000000e+00   1407s
  486434    3.7833302e-03   8.731324e+03   0.000000e+00   1411s
  487511    3.7853174e-03   5.235967e+04   0.000000e+00   1417s
  488229    3.7865435e-03   5.158384e+03   0.000000e+00   1421s
  489306    3.7883698e-03   3.856248e+04   0.000000e+00   1427s
  490024    3.7896846e-03   9.124931e+03   0.000000e+00   1431s
  490742    3.7911211e-03   7.410533e+03   0.000000e+00   1435s
  491819    3.7931134e-03   4.319926e+04   0.000000e+00   1441s
  492537    3.7941293e-03   1.610410e+05   0.000000e+00   1447s
  493255    3.7979997e-03   5.571649e+04   0.000000e+00   1451s
  493973    3.7994364e-03   1.962495e+04   0.000000e+00   1456s
  494691    3.8009102e-03   1.330660e+04   0.000000e+00   1461s
  495409    3.8020809e-03   3.873623e+04   0.000000e+00   1466s
  496486    3.8041524e-03   3.121667e+04   0.000000e+00   1471s
  497204    3.8054410e-03   4.470091e+03   0.000000e+00   1475s
  498281    3.8070666e-03   2.088979e+04   0.000000e+00   1482s
  498999    3.8083625e-03   1.426017e+04   0.000000e+00   1487s
  499717    3.8094841e-03   6.264233e+03   0.000000e+00   1491s
  500435    3.8109001e-03   2.493910e+04   0.000000e+00   1496s
  501153    3.8122013e-03   6.701166e+03   0.000000e+00   1501s
  501871    3.8134250e-03   4.611525e+04   0.000000e+00   1506s
  502948    3.8434963e-03   1.309340e+04   0.000000e+00   1510s
  504025    3.8570387e-03   1.113157e+04   0.000000e+00   1516s
  504743    3.8641930e-03   5.970106e+03   0.000000e+00   1520s
  505820    3.8780470e-03   6.247461e+03   0.000000e+00   1526s
  506897    3.8944544e-03   1.121704e+04   0.000000e+00   1532s
  507615    3.9019447e-03   1.901742e+04   0.000000e+00   1535s
  508333    3.9057080e-03   5.095327e+04   0.000000e+00   1540s
  509051    3.9129337e-03   2.068968e+04   0.000000e+00   1545s
  509769    3.9162285e-03   1.197852e+04   0.000000e+00   1550s
  510846    3.9414939e-03   4.466258e+03   0.000000e+00   1557s
  511564    3.9472438e-03   1.432795e+04   0.000000e+00   1562s
  512282    3.9533241e-03   3.125977e+04   0.000000e+00   1566s
  513000    3.9582431e-03   1.419542e+04   0.000000e+00   1571s
  513718    3.9686373e-03   2.796426e+03   0.000000e+00   1576s
  514436    3.9773741e-03   7.343641e+03   0.000000e+00   1581s
  515154    3.9879008e-03   1.920380e+04   0.000000e+00   1586s
  515872    3.9922044e-03   2.178161e+04   0.000000e+00   1591s
  516590    3.9972488e-03   1.340647e+04   0.000000e+00   1596s
  517308    4.0012652e-03   7.165432e+03   0.000000e+00   1601s
  518026    4.0071460e-03   6.189740e+03   0.000000e+00   1606s
  518744    4.0119487e-03   1.246689e+04   0.000000e+00   1611s
  519821    4.0201187e-03   9.879217e+03   0.000000e+00   1617s
  520539    4.0266546e-03   1.846758e+04   0.000000e+00   1621s
  521257    4.0298382e-03   1.095327e+04   0.000000e+00   1626s
  521975    4.0329105e-03   3.424587e+03   0.000000e+00   1632s
  522693    4.0387387e-03   2.393021e+05   0.000000e+00   1637s
  523052    4.0444521e-03   6.639691e+03   0.000000e+00   1640s
  523770    4.0475513e-03   5.338394e+03   0.000000e+00   1646s
  524488    4.0501637e-03   3.673298e+03   0.000000e+00   1652s
  524847    4.0513410e-03   4.000592e+03   0.000000e+00   1655s
  525565    4.0550557e-03   7.077735e+03   0.000000e+00   1660s
  526283    4.0579742e-03   1.792207e+04   0.000000e+00   1666s
  527001    4.0608285e-03   1.146381e+04   0.000000e+00   1672s
  527719    4.0635899e-03   7.117428e+03   0.000000e+00   1677s
  528437    4.0659975e-03   2.522192e+04   0.000000e+00   1683s
  528796    4.0686554e-03   8.025638e+03   0.000000e+00   1685s
  529514    4.0714297e-03   6.756103e+03   0.000000e+00   1691s
  530232    4.0739776e-03   3.382422e+03   0.000000e+00   1697s
  530950    4.0766400e-03   4.975262e+03   0.000000e+00   1703s
  531309    4.0777573e-03   3.428982e+03   0.000000e+00   1706s
  532027    4.0801820e-03   4.169049e+03   0.000000e+00   1712s
  532745    4.0826525e-03   7.974675e+03   0.000000e+00   1718s
  533104    4.0835757e-03   3.295435e+03   0.000000e+00   1721s
  533822    4.0857479e-03   2.234600e+04   0.000000e+00   1727s
  534181    4.0869157e-03   3.897878e+03   0.000000e+00   1730s
  534899    4.0891423e-03   3.615785e+03   0.000000e+00   1736s
  535617    4.0912345e-03   8.592773e+03   0.000000e+00   1743s
  535976    4.0924455e-03   4.588922e+03   0.000000e+00   1746s
  536694    4.0989312e-03   6.353041e+03   0.000000e+00   1752s
  537053    4.0998162e-03   2.482299e+04   0.000000e+00   1755s
  537771    4.1020534e-03   1.358069e+04   0.000000e+00   1762s
  538130    4.1031117e-03   2.333397e+03   0.000000e+00   1765s
  538848    4.1051819e-03   6.554857e+03   0.000000e+00   1771s
  539566    4.1074896e-03   3.994463e+03   0.000000e+00   1778s
  539925    4.1084243e-03   4.551347e+03   0.000000e+00   1781s
  540643    4.1116500e-03   1.029384e+04   0.000000e+00   1787s
  541002    4.1127033e-03   1.171863e+04   0.000000e+00   1791s
  541720    4.1150946e-03   5.257100e+03   0.000000e+00   1797s
  542079    4.1160609e-03   3.939548e+03   0.000000e+00   1801s
  542797    4.1182869e-03   2.922375e+03   0.000000e+00   1807s
  543156    4.1194296e-03   4.540416e+03   0.000000e+00   1810s
  543874    4.1214765e-03   7.177476e+03   0.000000e+00   1817s
  544592    4.1237748e-03   6.887716e+03   0.000000e+00   1823s
  544951    4.1249133e-03   4.226903e+03   0.000000e+00   1826s
  545669    4.1273212e-03   6.471358e+03   0.000000e+00   1833s
  546028    4.1284840e-03   3.575683e+03   0.000000e+00   1835s
  546746    4.1306538e-03   7.727066e+03   0.000000e+00   1842s
  547464    4.1331474e-03   1.875341e+04   0.000000e+00   1848s
  547823    4.1340544e-03   7.213387e+03   0.000000e+00   1851s
  548541    4.1362797e-03   7.011550e+03   0.000000e+00   1858s
  548900    4.1400050e-03   6.532207e+03   0.000000e+00   1860s
  549618    4.1420567e-03   1.676506e+04   0.000000e+00   1866s
  550336    4.1441961e-03   9.449645e+03   0.000000e+00   1872s
  550695    4.1450605e-03   2.041312e+04   0.000000e+00   1875s
  551413    4.1472193e-03   3.259015e+03   0.000000e+00   1881s
  552131    4.1510905e-03   2.530955e+03   0.000000e+00   1887s
  552849    4.1557816e-03   1.524224e+04   0.000000e+00   1893s
  553208    4.1568155e-03   5.562241e+03   0.000000e+00   1896s
  553926    4.1590300e-03   3.420080e+03   0.000000e+00   1902s
  554285    4.1599832e-03   4.232606e+03   0.000000e+00   1905s
  555003    4.1633895e-03   3.558485e+03   0.000000e+00   1911s
  555721    4.1655634e-03   9.306762e+03   0.000000e+00   1917s
  556439    4.1676126e-03   3.217811e+03   0.000000e+00   1923s
  556798    4.1686062e-03   6.214888e+03   0.000000e+00   1926s
  557516    4.1706588e-03   3.424849e+03   0.000000e+00   1932s
  557875    4.1714956e-03   2.540853e+03   0.000000e+00   1935s
  558593    4.1730640e-03   7.094723e+03   0.000000e+00   1942s
  559311    4.1755203e-03   3.677477e+03   0.000000e+00   1948s
  559670    4.1769773e-03   3.897234e+03   0.000000e+00   1951s
  560388    4.1791134e-03   1.194755e+04   0.000000e+00   1957s
  560747    4.1800564e-03   5.056703e+03   0.000000e+00   1960s
  561465    4.1832608e-03   1.171895e+04   0.000000e+00   1966s
  562183    4.1855565e-03   2.794672e+03   0.000000e+00   1972s
  562901    4.1876428e-03   2.926843e+03   0.000000e+00   1978s
  563260    4.1885929e-03   2.737548e+03   0.000000e+00   1981s
  563978    4.1902023e-03   4.244592e+03   0.000000e+00   1988s
  564337    4.1910407e-03   5.719296e+03   0.000000e+00   1991s
  565055    4.1928687e-03   1.064106e+04   0.000000e+00   1997s
  565414    4.1938131e-03   5.163799e+03   0.000000e+00   2000s
  566132    4.1954082e-03   2.205310e+03   0.000000e+00   2006s
  566850    4.1970500e-03   3.010739e+03   0.000000e+00   2013s
  567209    4.1978781e-03   1.913498e+03   0.000000e+00   2016s
  567927    4.1995298e-03   3.795276e+03   0.000000e+00   2023s
  568286    4.2002909e-03   1.071119e+04   0.000000e+00   2026s
  569004    4.2022679e-03   2.226437e+03   0.000000e+00   2032s
  569363    4.2042750e-03   3.338570e+03   0.000000e+00   2035s
  570081    4.2062843e-03   8.549670e+03   0.000000e+00   2041s
  570799    4.2083912e-03   4.096382e+03   0.000000e+00   2046s
  571517    4.2101994e-03   3.555101e+03   0.000000e+00   2053s
  571876    4.2111017e-03   2.765426e+03   0.000000e+00   2056s
  572594    4.2127290e-03   2.553086e+03   0.000000e+00   2062s
  572953    4.2136473e-03   1.713243e+03   0.000000e+00   2065s
  573671    4.2161806e-03   4.112535e+03   0.000000e+00   2072s
  574389    4.2182140e-03   1.049956e+04   0.000000e+00   2078s
  574748    4.2189660e-03   2.648621e+03   0.000000e+00   2081s
  575466    4.2205102e-03   2.145993e+03   0.000000e+00   2088s
  575825    4.2214001e-03   5.978089e+03   0.000000e+00   2092s
  576543    4.2230567e-03   3.544448e+03   0.000000e+00   2098s
  576902    4.2237479e-03   3.405206e+03   0.000000e+00   2102s
  577261    4.2244584e-03   2.728445e+03   0.000000e+00   2105s
  577979    4.2258979e-03   7.887369e+03   0.000000e+00   2112s
  578338    4.2266513e-03   4.667903e+03   0.000000e+00   2115s
  579056    4.2283394e-03   2.444174e+03   0.000000e+00   2122s
  579774    4.2302565e-03   6.383698e+03   0.000000e+00   2128s
  580133    4.2316462e-03   1.851771e+03   0.000000e+00   2131s
  580851    4.2339934e-03   3.737364e+03   0.000000e+00   2137s
  581210    4.2350862e-03   4.769623e+03   0.000000e+00   2141s
  581928    4.2383411e-03   1.943122e+04   0.000000e+00   2147s
  582287    4.2396582e-03   4.140363e+03   0.000000e+00   2150s
  583005    4.2413018e-03   2.358248e+03   0.000000e+00   2156s
  583723    4.2428735e-03   1.536260e+04   0.000000e+00   2163s
  584082    4.2436998e-03   2.368261e+04   0.000000e+00   2166s
  584800    4.2451950e-03   8.515363e+04   0.000000e+00   2173s
  585159    4.2460987e-03   7.265794e+03   0.000000e+00   2176s
  585877    4.2478956e-03   1.208183e+04   0.000000e+00   2183s
  586236    4.2486892e-03   1.399265e+03   0.000000e+00   2186s
  586954    4.2503027e-03   2.755531e+03   0.000000e+00   2193s
  587313    4.2510080e-03   1.000266e+04   0.000000e+00   2196s
  588031    4.2523725e-03   1.370303e+03   0.000000e+00   2202s
  588390    4.2531209e-03   3.999761e+03   0.000000e+00   2206s
  589108    4.2545439e-03   1.830564e+03   0.000000e+00   2212s
  589467    4.2553384e-03   2.192894e+03   0.000000e+00   2216s
  590185    4.2571125e-03   3.276683e+04   0.000000e+00   2222s
  590544    4.2577961e-03   1.854349e+03   0.000000e+00   2225s
  591262    4.2592643e-03   2.876756e+03   0.000000e+00   2232s
  591621    4.2601245e-03   3.811310e+03   0.000000e+00   2235s
  592339    4.2615593e-03   2.386709e+03   0.000000e+00   2242s
  593057    4.2633863e-03   1.855968e+03   0.000000e+00   2248s
  593416    4.2642878e-03   3.017676e+03   0.000000e+00   2251s
  594134    4.2655999e-03   2.295664e+03   0.000000e+00   2258s
  594493    4.2663911e-03   2.623280e+03   0.000000e+00   2261s
  595211    4.2677221e-03   2.845407e+04   0.000000e+00   2268s
  595570    4.2685385e-03   1.612704e+04   0.000000e+00   2271s
  596288    4.2698976e-03   1.456642e+03   0.000000e+00   2278s
  596647    4.2707886e-03   1.103666e+04   0.000000e+00   2281s
  597365    4.2722862e-03   3.573472e+03   0.000000e+00   2288s
  597724    4.2729238e-03   1.470893e+03   0.000000e+00   2291s
  598442    4.2741324e-03   3.054831e+03   0.000000e+00   2298s
  598801    4.2747566e-03   4.394225e+03   0.000000e+00   2301s
  599519    4.2759682e-03   2.351251e+03   0.000000e+00   2308s
  599878    4.2766380e-03   2.587481e+03   0.000000e+00   2311s
  600596    4.2778362e-03   1.945135e+03   0.000000e+00   2318s
  600955    4.2785016e-03   2.043350e+04   0.000000e+00   2321s
  601673    4.2796120e-03   2.374844e+03   0.000000e+00   2328s
  601944    4.2800572e-03   2.153650e+03   0.000000e+00   2330s
  602662    4.2814861e-03   4.801248e+03   0.000000e+00   2337s
  603021    4.2821723e-03   7.556665e+03   0.000000e+00   2341s
  603739    4.2836303e-03   3.913301e+03   0.000000e+00   2347s
  604098    4.2843044e-03   3.682220e+03   0.000000e+00   2351s
  604816    4.2858187e-03   1.974373e+03   0.000000e+00   2357s
  605175    4.2865041e-03   4.428526e+03   0.000000e+00   2360s
  605893    4.2878679e-03   4.443111e+04   0.000000e+00   2367s
  606252    4.2885555e-03   3.287641e+04   0.000000e+00   2370s
  606970    4.2899267e-03   3.701893e+03   0.000000e+00   2377s
  607688    4.2920030e-03   4.008150e+03   0.000000e+00   2383s
  608047    4.2927370e-03   4.649405e+03   0.000000e+00   2386s
  608765    4.2942703e-03   1.811454e+03   0.000000e+00   2392s
  609124    4.2948806e-03   3.192771e+03   0.000000e+00   2395s
  609842    4.2962883e-03   8.564355e+03   0.000000e+00   2402s
  610201    4.2969245e-03   1.762495e+03   0.000000e+00   2405s
  610919    4.2982136e-03   2.402636e+03   0.000000e+00   2412s
  611278    4.2989058e-03   3.273967e+03   0.000000e+00   2415s
  611996    4.3003406e-03   2.087458e+03   0.000000e+00   2422s
  612355    4.3010494e-03   6.602023e+03   0.000000e+00   2425s
  613073    4.3025127e-03   2.964848e+03   0.000000e+00   2432s
  613432    4.3032342e-03   2.207950e+03   0.000000e+00   2435s
  614150    4.3044102e-03   4.605049e+03   0.000000e+00   2442s
  614509    4.3049927e-03   6.315359e+03   0.000000e+00   2445s
  615227    4.3060276e-03   1.021136e+03   0.000000e+00   2452s
  615586    4.3066481e-03   1.558642e+03   0.000000e+00   2455s
  616304    4.3078260e-03   1.318722e+03   0.000000e+00   2462s
  616663    4.3086438e-03   2.507518e+03   0.000000e+00   2466s
  617381    4.3101199e-03   1.560286e+03   0.000000e+00   2472s
  617740    4.3107460e-03   1.380186e+03   0.000000e+00   2476s
  618458    4.3118257e-03   1.890797e+03   0.000000e+00   2483s
  618817    4.3125563e-03   8.232586e+02   0.000000e+00   2486s
  619535    4.3138085e-03   1.330277e+03   0.000000e+00   2493s
  619894    4.3143099e-03   2.760000e+03   0.000000e+00   2496s
  620612    4.3153424e-03   8.635842e+02   0.000000e+00   2503s
  620971    4.3159132e-03   2.136867e+03   0.000000e+00   2507s
  621330    4.3165746e-03   1.494494e+03   0.000000e+00   2510s
  622048    4.3178075e-03   1.188635e+03   0.000000e+00   2517s
  622407    4.3183582e-03   2.971066e+03   0.000000e+00   2520s
  623125    4.3196380e-03   9.654847e+02   0.000000e+00   2527s
  623484    4.3202252e-03   7.500277e+02   0.000000e+00   2530s
  624202    4.3214345e-03   1.678207e+03   0.000000e+00   2537s
  624561    4.3219829e-03   1.307641e+03   0.000000e+00   2541s
  625279    4.3232368e-03   2.181602e+03   0.000000e+00   2547s
  625638    4.3239156e-03   1.449663e+03   0.000000e+00   2551s
  626356    4.3251783e-03   3.124678e+03   0.000000e+00   2557s
  626715    4.3257953e-03   2.306531e+03   0.000000e+00   2561s
  627433    4.3269548e-03   2.111606e+04   0.000000e+00   2568s
  627792    4.3275080e-03   3.814986e+03   0.000000e+00   2571s
  628510    4.3286646e-03   5.050295e+03   0.000000e+00   2578s
  628869    4.3292823e-03   1.858696e+03   0.000000e+00   2581s
  629587    4.3305501e-03   2.214947e+03   0.000000e+00   2588s
  629946    4.3311484e-03   3.606765e+03   0.000000e+00   2591s
  630664    4.3322953e-03   2.545067e+03   0.000000e+00   2598s
  631023    4.3328530e-03   1.295034e+03   0.000000e+00   2601s
  631741    4.3340214e-03   3.100913e+03   0.000000e+00   2608s
  632100    4.3346948e-03   1.419715e+03   0.000000e+00   2612s
  632459    4.3352043e-03   5.905039e+03   0.000000e+00   2615s
  633177    4.3364790e-03   4.358313e+03   0.000000e+00   2622s
  633895    4.3375453e-03   8.467791e+02   0.000000e+00   2628s
  634254    4.3381592e-03   3.447721e+03   0.000000e+00   2631s
  634972    4.3392560e-03   1.746931e+03   0.000000e+00   2638s
  635331    4.3398195e-03   1.828845e+03   0.000000e+00   2642s
  636049    4.3411118e-03   3.128294e+03   0.000000e+00   2648s
  636408    4.3416341e-03   1.422328e+03   0.000000e+00   2652s
  636767    4.3422603e-03   4.213958e+03   0.000000e+00   2655s
  637485    4.3433850e-03   2.321273e+03   0.000000e+00   2662s
  637844    4.3439597e-03   2.665490e+03   0.000000e+00   2665s
  638562    4.3450633e-03   1.855521e+03   0.000000e+00   2672s
  638921    4.3456947e-03   1.733120e+03   0.000000e+00   2676s
  639639    4.3470682e-03   2.131216e+03   0.000000e+00   2682s
  639998    4.3477213e-03   2.935099e+03   0.000000e+00   2686s
  640716    4.3488446e-03   2.057949e+03   0.000000e+00   2693s
  641075    4.3497617e-03   1.998063e+03   0.000000e+00   2695s
  641793    4.3508663e-03   1.031732e+03   0.000000e+00   2702s
  642152    4.3514155e-03   1.439897e+03   0.000000e+00   2706s
  642870    4.3526667e-03   1.988212e+03   0.000000e+00   2713s
  643229    4.3532673e-03   2.743422e+03   0.000000e+00   2716s
  643947    4.3545376e-03   2.313687e+03   0.000000e+00   2723s
  644306    4.3551938e-03   1.373768e+03   0.000000e+00   2726s
  645024    4.3564229e-03   1.664625e+03   0.000000e+00   2733s
  645383    4.3568993e-03   4.346809e+03   0.000000e+00   2736s
  646101    4.3580814e-03   6.228002e+03   0.000000e+00   2743s
  646460    4.3587252e-03   1.096675e+04   0.000000e+00   2747s
  647178    4.3599315e-03   1.230986e+03   0.000000e+00   2753s
  647537    4.3605363e-03   1.077774e+03   0.000000e+00   2757s
  647896    4.3610452e-03   2.942834e+03   0.000000e+00   2760s
  648614    4.3621454e-03   1.420467e+03   0.000000e+00   2767s
  648973    4.3627315e-03   1.791103e+03   0.000000e+00   2770s
  649691    4.3639283e-03   9.681828e+03   0.000000e+00   2777s
  650050    4.3645775e-03   4.012256e+03   0.000000e+00   2781s
  650768    4.3656539e-03   9.069466e+02   0.000000e+00   2787s
  651127    4.3662320e-03   3.485120e+03   0.000000e+00   2791s
  651845    4.3672538e-03   2.946216e+03   0.000000e+00   2798s
  652204    4.3677846e-03   1.807568e+03   0.000000e+00   2801s
  652922    4.3688568e-03   1.585042e+03   0.000000e+00   2808s
  653281    4.3695132e-03   1.194994e+03   0.000000e+00   2811s
  653999    4.3707258e-03   9.161012e+03   0.000000e+00   2817s
  654358    4.3712345e-03   1.447402e+03   0.000000e+00   2821s
  655076    4.3722246e-03   1.275736e+03   0.000000e+00   2827s
  655435    4.3727668e-03   1.754035e+03   0.000000e+00   2831s
  656153    4.3738056e-03   1.172117e+04   0.000000e+00   2838s
  656512    4.3743807e-03   1.272399e+03   0.000000e+00   2841s
  657230    4.3754296e-03   1.290581e+03   0.000000e+00   2848s
  657589    4.3759593e-03   9.653818e+02   0.000000e+00   2851s
  658307    4.3769249e-03   3.785155e+03   0.000000e+00   2858s
  658666    4.3774372e-03   2.278296e+03   0.000000e+00   2861s
  659384    4.3784770e-03   2.224675e+03   0.000000e+00   2868s
  659743    4.3790485e-03   1.413365e+03   0.000000e+00   2871s
  660461    4.3801524e-03   2.440950e+03   0.000000e+00   2878s
  660820    4.3807147e-03   1.659314e+03   0.000000e+00   2881s
  661538    4.3818411e-03   1.533282e+03   0.000000e+00   2888s
  661897    4.3824511e-03   2.438299e+04   0.000000e+00   2891s
  662615    4.3835500e-03   2.538354e+03   0.000000e+00   2898s
  662974    4.3840347e-03   1.507490e+03   0.000000e+00   2902s
  663692    4.3851240e-03   7.923137e+03   0.000000e+00   2908s
  664051    4.3856258e-03   1.309539e+03   0.000000e+00   2912s
  664410    4.3861414e-03   1.360203e+03   0.000000e+00   2915s
  665128    4.3870121e-03   1.004568e+04   0.000000e+00   2922s
  665487    4.3875161e-03   1.795650e+03   0.000000e+00   2925s
  666205    4.3885496e-03   1.882138e+03   0.000000e+00   2932s
  666564    4.3890000e-03   5.977404e+02   0.000000e+00   2935s
  667282    4.3900341e-03   1.738455e+03   0.000000e+00   2942s
  667641    4.3905376e-03   2.588931e+03   0.000000e+00   2946s
  668359    4.3916258e-03   3.530897e+03   0.000000e+00   2952s
  668718    4.3921375e-03   1.765755e+03   0.000000e+00   2956s
  669436    4.3932750e-03   1.919194e+03   0.000000e+00   2962s
  669795    4.3938426e-03   3.539772e+03   0.000000e+00   2966s
  670513    4.3948389e-03   1.773268e+04   0.000000e+00   2972s
  670872    4.3953011e-03   1.336257e+03   0.000000e+00   2976s
  671590    4.3963246e-03   7.150279e+03   0.000000e+00   2982s
  671949    4.3968547e-03   4.847884e+02   0.000000e+00   2986s
  672667    4.3978121e-03   1.572879e+03   0.000000e+00   2992s
  673026    4.3983766e-03   1.527017e+03   0.000000e+00   2996s
  673744    4.3992382e-03   3.770155e+03   0.000000e+00   3003s
  674103    4.3997221e-03   1.255976e+03   0.000000e+00   3006s
  674821    4.4005680e-03   5.217091e+03   0.000000e+00   3013s
  675180    4.4011252e-03   2.010258e+03   0.000000e+00   3016s
  675898    4.4022411e-03   6.205697e+03   0.000000e+00   3023s
  676257    4.4027432e-03   2.062698e+03   0.000000e+00   3026s
  676975    4.4038175e-03   6.853257e+02   0.000000e+00   3033s
  677334    4.4043332e-03   3.524937e+03   0.000000e+00   3036s
  678052    4.4054320e-03   3.423661e+03   0.000000e+00   3043s
  678411    4.4059418e-03   2.643242e+03   0.000000e+00   3046s
  679129    4.4068077e-03   1.246128e+03   0.000000e+00   3053s
  679488    4.4072265e-03   1.193142e+03   0.000000e+00   3056s
  680206    4.4082060e-03   1.276684e+03   0.000000e+00   3063s
  680565    4.4087669e-03   9.227365e+03   0.000000e+00   3066s
  681283    4.4097317e-03   1.638066e+03   0.000000e+00   3073s
  681642    4.4101350e-03   4.680943e+03   0.000000e+00   3076s
  682360    4.4110217e-03   1.861436e+03   0.000000e+00   3083s
  682719    4.4114893e-03   1.340271e+03   0.000000e+00   3086s
  683437    4.4125028e-03   1.200269e+03   0.000000e+00   3093s
  683796    4.4130302e-03   1.161460e+03   0.000000e+00   3096s
  684514    4.4140249e-03   3.068232e+03   0.000000e+00   3103s
  684873    4.4145469e-03   1.527447e+03   0.000000e+00   3106s
  685591    4.4155637e-03   3.384446e+03   0.000000e+00   3113s
  685950    4.4161004e-03   1.294773e+03   0.000000e+00   3116s
  686668    4.4172075e-03   2.133295e+03   0.000000e+00   3123s
  687027    4.4178406e-03   1.576837e+03   0.000000e+00   3127s
  687745    4.4189732e-03   1.219090e+03   0.000000e+00   3133s
  688104    4.4195689e-03   1.583639e+03   0.000000e+00   3137s
  688822    4.4206699e-03   3.060379e+03   0.000000e+00   3143s
  689181    4.4213061e-03   3.027694e+03   0.000000e+00   3147s
  689899    4.4223733e-03   1.594922e+03   0.000000e+00   3153s
  690258    4.4230255e-03   1.855355e+03   0.000000e+00   3157s
  690617    4.4235527e-03   3.754856e+03   0.000000e+00   3160s
  691335    4.4246276e-03   2.728122e+04   0.000000e+00   3167s
  691694    4.4250849e-03   5.957291e+02   0.000000e+00   3170s
  692412    4.4260938e-03   3.832360e+03   0.000000e+00   3177s
  692771    4.4267053e-03   2.034371e+03   0.000000e+00   3181s
  693489    4.4276209e-03   9.554160e+02   0.000000e+00   3187s
  693848    4.4280630e-03   5.615423e+03   0.000000e+00   3191s
  694566    4.4289573e-03   2.118266e+03   0.000000e+00   3198s
  694925    4.4293886e-03   1.078010e+03   0.000000e+00   3201s
  695643    4.4303503e-03   1.696947e+03   0.000000e+00   3208s
  696002    4.4309086e-03   7.692911e+03   0.000000e+00   3212s
  696720    4.4321193e-03   2.514923e+03   0.000000e+00   3218s
  697079    4.4326525e-03   1.414093e+03   0.000000e+00   3222s
  697438    4.4331557e-03   1.037985e+03   0.000000e+00   3225s
  698156    4.4343180e-03   4.348211e+03   0.000000e+00   3232s
  698515    4.4347829e-03   1.380925e+03   0.000000e+00   3235s
  699233    4.4357666e-03   2.787760e+03   0.000000e+00   3242s
  699592    4.4362020e-03   1.489694e+03   0.000000e+00   3245s
  700310    4.4372541e-03   1.103059e+03   0.000000e+00   3252s
  700669    4.4377517e-03   1.333913e+03   0.000000e+00   3256s
  701387    4.4387250e-03   2.364788e+03   0.000000e+00   3263s
  701746    4.4392593e-03   1.552275e+03   0.000000e+00   3266s
  702464    4.4403080e-03   1.791602e+04   0.000000e+00   3273s
  702823    4.4407634e-03   1.307596e+03   0.000000e+00   3276s
  703541    4.4417256e-03   1.979791e+03   0.000000e+00   3283s
  703900    4.4423074e-03   1.170544e+04   0.000000e+00   3286s
  704618    4.4433557e-03   9.323969e+02   0.000000e+00   3293s
  704977    4.4438827e-03   1.549656e+03   0.000000e+00   3296s
  705695    4.4449852e-03   1.004747e+03   0.000000e+00   3303s
  706054    4.4455636e-03   1.010053e+03   0.000000e+00   3307s
  706772    4.4465740e-03   2.071929e+03   0.000000e+00   3313s
  707131    4.4470608e-03   1.555210e+03   0.000000e+00   3317s
  707490    4.4475153e-03   3.752275e+03   0.000000e+00   3320s
  708208    4.4484286e-03   2.284949e+03   0.000000e+00   3327s
  708567    4.4489102e-03   7.710876e+03   0.000000e+00   3330s
  709285    4.4499282e-03   1.270048e+03   0.000000e+00   3337s
  709644    4.4504619e-03   9.898049e+02   0.000000e+00   3341s
  710362    4.4516549e-03   2.555773e+03   0.000000e+00   3348s
  710721    4.4522275e-03   2.394515e+03   0.000000e+00   3351s
  711439    4.4531857e-03   5.919032e+02   0.000000e+00   3358s
  711798    4.4536337e-03   1.049174e+03   0.000000e+00   3361s
  712516    4.4546789e-03   7.637747e+02   0.000000e+00   3368s
  712875    4.4551555e-03   6.980737e+02   0.000000e+00   3372s
  713234    4.4557405e-03   1.673662e+03   0.000000e+00   3375s
  713952    4.4568524e-03   1.553542e+03   0.000000e+00   3382s
  714311    4.4573064e-03   8.834506e+02   0.000000e+00   3386s
  715029    4.4582594e-03   5.517517e+03   0.000000e+00   3392s
  715388    4.4588134e-03   1.275040e+03   0.000000e+00   3396s
  716106    4.4598192e-03   1.265728e+03   0.000000e+00   3403s
  716465    4.4603149e-03   1.518386e+03   0.000000e+00   3406s
  717183    4.4612578e-03   2.575323e+03   0.000000e+00   3413s
  717542    4.4617732e-03   2.244940e+03   0.000000e+00   3417s
  717901    4.4623145e-03   9.340362e+02   0.000000e+00   3420s
  718619    4.4634461e-03   1.325110e+03   0.000000e+00   3427s
  718978    4.4639854e-03   1.247803e+03   0.000000e+00   3430s
  719696    4.4650218e-03   2.260316e+03   0.000000e+00   3437s
  720414    4.4660071e-03   1.798259e+03   0.000000e+00   3443s
  720773    4.4664683e-03   1.883884e+03   0.000000e+00   3447s
  721491    4.4676097e-03   2.185473e+03   0.000000e+00   3453s
  721850    4.4681973e-03   3.055067e+03   0.000000e+00   3457s
  722568    4.4692019e-03   1.219698e+03   0.000000e+00   3463s
  722927    4.4697463e-03   1.602151e+03   0.000000e+00   3467s
  723286    4.4701645e-03   1.410067e+03   0.000000e+00   3470s
  724004    4.4713077e-03   2.526930e+03   0.000000e+00   3477s
  724363    4.4718119e-03   1.196652e+03   0.000000e+00   3480s
  725081    4.4727878e-03   5.753644e+02   0.000000e+00   3487s
  725440    4.4732832e-03   9.734342e+02   0.000000e+00   3490s
  726158    4.4742864e-03   3.764044e+03   0.000000e+00   3497s
  726517    4.4747112e-03   1.546420e+03   0.000000e+00   3500s
  727235    4.4756991e-03   1.215128e+04   0.000000e+00   3507s
  727594    4.4761274e-03   1.524398e+03   0.000000e+00   3511s
  728312    4.4769673e-03   1.540174e+03   0.000000e+00   3517s
  728671    4.4773790e-03   7.944055e+02   0.000000e+00   3521s
  729389    4.4782410e-03   1.105455e+03   0.000000e+00   3528s
  729748    4.4787114e-03   1.187260e+03   0.000000e+00   3531s
  730466    4.4795909e-03   2.293839e+03   0.000000e+00   3538s
  730825    4.4799876e-03   1.991368e+03   0.000000e+00   3541s
  731543    4.4810671e-03   8.966976e+02   0.000000e+00   3548s
  731902    4.4816282e-03   1.280475e+04   0.000000e+00   3551s
  732620    4.4826614e-03   1.486137e+03   0.000000e+00   3558s
  732979    4.4831407e-03   1.146882e+03   0.000000e+00   3562s
  733697    4.4842248e-03   1.175857e+03   0.000000e+00   3568s
  734056    4.4846937e-03   7.800187e+02   0.000000e+00   3571s
  734774    4.4856033e-03   1.700206e+03   0.000000e+00   3578s
  735133    4.4860485e-03   1.136306e+03   0.000000e+00   3582s
  735492    4.4864641e-03   1.193824e+03   0.000000e+00   3585s
  736210    4.4873685e-03   1.465861e+03   0.000000e+00   3592s
  736569    4.4878551e-03   9.191167e+02   0.000000e+00   3595s
  737287    4.4887492e-03   1.500737e+03   0.000000e+00   3602s
  737646    4.4891991e-03   1.312352e+03   0.000000e+00   3606s
  738364    4.4901499e-03   3.400253e+03   0.000000e+00   3613s
  738723    4.4905432e-03   1.723020e+03   0.000000e+00   3616s
  739441    4.4914035e-03   6.519209e+02   0.000000e+00   3623s
  739800    4.4918338e-03   4.807513e+03   0.000000e+00   3627s
  740159    4.4922359e-03   1.048065e+03   0.000000e+00   3630s
  740877    4.4930486e-03   1.094071e+03   0.000000e+00   3637s
  741236    4.4935151e-03   8.069694e+03   0.000000e+00   3641s
  741954    4.4943261e-03   1.122755e+03   0.000000e+00   3648s
  742313    4.4946943e-03   5.125239e+03   0.000000e+00   3651s
  743031    4.4954440e-03   3.457763e+03   0.000000e+00   3658s
  743390    4.4959131e-03   1.526757e+03   0.000000e+00   3662s
  743749    4.4963796e-03   6.896634e+02   0.000000e+00   3665s
  744467    4.4972929e-03   1.049663e+03   0.000000e+00   3672s
  744826    4.4977436e-03   7.201724e+02   0.000000e+00   3676s
  745544    4.4988390e-03   1.348101e+04   0.000000e+00   3682s
  745903    4.4994562e-03   7.532362e+02   0.000000e+00   3686s
  746621    4.5003432e-03   1.539132e+03   0.000000e+00   3693s
  746980    4.5008234e-03   3.128175e+03   0.000000e+00   3696s
  747698    4.5017601e-03   1.188652e+03   0.000000e+00   3703s
  748057    4.5021613e-03   6.574420e+02   0.000000e+00   3707s
  748416    4.5025011e-03   1.591569e+03   0.000000e+00   3710s
  749134    4.5033881e-03   1.725172e+03   0.000000e+00   3717s
  749493    4.5038768e-03   1.749703e+03   0.000000e+00   3720s
  750211    4.5046341e-03   2.209347e+03   0.000000e+00   3727s
  750570    4.5050147e-03   5.544919e+02   0.000000e+00   3731s
  751288    4.5059182e-03   8.910160e+02   0.000000e+00   3738s
  751647    4.5064184e-03   1.569897e+04   0.000000e+00   3741s
  752365    4.5071556e-03   1.290188e+03   0.000000e+00   3748s
  752724    4.5075521e-03   6.265423e+03   0.000000e+00   3752s
  753083    4.5079799e-03   2.211179e+03   0.000000e+00   3755s
  753801    4.5087835e-03   8.124818e+02   0.000000e+00   3762s
  754160    4.5091562e-03   7.552916e+02   0.000000e+00   3766s
  754878    4.5099439e-03   1.222742e+03   0.000000e+00   3773s
  755237    4.5103510e-03   1.237068e+03   0.000000e+00   3776s
  755955    4.5111776e-03   1.670270e+03   0.000000e+00   3783s
  756314    4.5116500e-03   5.067912e+03   0.000000e+00   3787s
  756673    4.5120449e-03   9.865133e+02   0.000000e+00   3790s
  757391    4.5128961e-03   4.062800e+03   0.000000e+00   3797s
  757750    4.5133369e-03   1.255863e+03   0.000000e+00   3801s
  758468    4.5142720e-03   7.522611e+02   0.000000e+00   3808s
  758827    4.5147508e-03   8.366058e+02   0.000000e+00   3811s
  759545    4.5156460e-03   9.794293e+02   0.000000e+00   3818s
  759904    4.5160772e-03   9.578424e+02   0.000000e+00   3822s
  760263    4.5164817e-03   1.809284e+03   0.000000e+00   3825s
  760981    4.5173161e-03   1.309354e+03   0.000000e+00   3832s
  761340    4.5177467e-03   1.291040e+03   0.000000e+00   3835s
  762058    4.5186896e-03   6.877587e+02   0.000000e+00   3842s
  762417    4.5191380e-03   4.061848e+03   0.000000e+00   3846s
  763135    4.5199532e-03   9.965131e+02   0.000000e+00   3852s
  763494    4.5204834e-03   5.583654e+03   0.000000e+00   3856s
  764212    4.5213806e-03   8.616595e+02   0.000000e+00   3863s
  764571    4.5217710e-03   4.676078e+03   0.000000e+00   3866s
  765289    4.5226217e-03   1.463761e+03   0.000000e+00   3873s
  765648    4.5229963e-03   7.083785e+02   0.000000e+00   3877s
  766007    4.5234404e-03   1.847251e+03   0.000000e+00   3880s
  766725    4.5242521e-03   2.771795e+03   0.000000e+00   3887s
  767084    4.5247232e-03   3.570781e+03   0.000000e+00   3891s
  767802    4.5256138e-03   1.314712e+03   0.000000e+00   3898s
  768161    4.5260354e-03   1.429211e+03   0.000000e+00   3901s
  768879    4.5268863e-03   7.827353e+04   0.000000e+00   3908s
  769238    4.5272904e-03   1.121795e+04   0.000000e+00   3911s
  769956    4.5280478e-03   1.087317e+03   0.000000e+00   3918s
  770315    4.5284344e-03   8.688052e+02   0.000000e+00   3922s
  770674    4.5289256e-03   1.239838e+03   0.000000e+00   3925s
  771392    4.5297960e-03   1.653690e+03   0.000000e+00   3932s
  771751    4.5302185e-03   9.787593e+03   0.000000e+00   3936s
  772469    4.5311474e-03   1.306320e+03   0.000000e+00   3942s
  772828    4.5315323e-03   7.363537e+02   0.000000e+00   3946s
  773546    4.5324245e-03   9.967131e+02   0.000000e+00   3953s
  773905    4.5328499e-03   8.636227e+02   0.000000e+00   3956s
  774623    4.5337573e-03   8.805940e+02   0.000000e+00   3963s
  774982    4.5342122e-03   3.625509e+03   0.000000e+00   3966s
  775700    4.5350212e-03   7.862437e+03   0.000000e+00   3973s
  776059    4.5354270e-03   2.530561e+03   0.000000e+00   3976s
  776777    4.5363763e-03   9.434570e+02   0.000000e+00   3983s
  777136    4.5368398e-03   1.571227e+03   0.000000e+00   3987s
  777495    4.5372998e-03   9.342771e+02   0.000000e+00   3990s
  778213    4.5381982e-03   3.624253e+04   0.000000e+00   3997s
  778572    4.5385895e-03   8.294947e+02   0.000000e+00   4001s
  779290    4.5395195e-03   1.093671e+03   0.000000e+00   4007s
  779649    4.5399661e-03   2.189166e+03   0.000000e+00   4011s
  780367    4.5407760e-03   2.465518e+03   0.000000e+00   4018s
  780726    4.5411911e-03   1.091574e+04   0.000000e+00   4021s
  781444    4.5419388e-03   7.848820e+02   0.000000e+00   4028s
  781803    4.5422805e-03   3.859320e+03   0.000000e+00   4032s
  782162    4.5426251e-03   1.021924e+03   0.000000e+00   4035s
  782880    4.5433666e-03   2.548081e+03   0.000000e+00   4043s
  783239    4.5437950e-03   3.042395e+03   0.000000e+00   4046s
  783957    4.5447088e-03   7.335738e+02   0.000000e+00   4053s
  784316    4.5450379e-03   2.212951e+03   0.000000e+00   4056s
  785034    4.5458951e-03   1.086064e+03   0.000000e+00   4063s
  785393    4.5463148e-03   2.574243e+03   0.000000e+00   4067s
  785752    4.5467317e-03   8.399929e+02   0.000000e+00   4070s
  786470    4.5475447e-03   2.583715e+03   0.000000e+00   4077s
  786829    4.5479354e-03   2.675232e+03   0.000000e+00   4080s
  787547    4.5487874e-03   3.796127e+03   0.000000e+00   4087s
  787906    4.5491487e-03   8.381127e+02   0.000000e+00   4091s
  788624    4.5500197e-03   1.974894e+03   0.000000e+00   4098s
  788983    4.5505207e-03   6.812068e+02   0.000000e+00   4101s
  789701    4.5513887e-03   7.531569e+02   0.000000e+00   4108s
  790060    4.5517800e-03   6.739922e+02   0.000000e+00   4111s
  790778    4.5526100e-03   5.140858e+03   0.000000e+00   4118s
  791137    4.5530447e-03   1.983462e+03   0.000000e+00   4122s
  791496    4.5534708e-03   6.635816e+02   0.000000e+00   4125s
  792214    4.5542224e-03   1.665969e+03   0.000000e+00   4132s
  792573    4.5546053e-03   8.950915e+03   0.000000e+00   4135s
  793291    4.5553989e-03   5.853773e+03   0.000000e+00   4142s
  793650    4.5558798e-03   1.895061e+03   0.000000e+00   4146s
  794368    4.5566624e-03   1.474764e+03   0.000000e+00   4152s
  794727    4.5570340e-03   1.831618e+03   0.000000e+00   4156s
  795445    4.5578380e-03   5.382715e+03   0.000000e+00   4162s
  795804    4.5582398e-03   1.120669e+03   0.000000e+00   4166s
  796522    4.5589694e-03   1.020633e+03   0.000000e+00   4173s
  796881    4.5594198e-03   2.263460e+03   0.000000e+00   4176s
  797599    4.5601663e-03   2.337767e+03   0.000000e+00   4183s
  797958    4.5605650e-03   2.246319e+03   0.000000e+00   4186s
  798676    4.5614970e-03   1.492151e+03   0.000000e+00   4193s
  799035    4.5618132e-03   7.060636e+02   0.000000e+00   4196s
  799753    4.5626338e-03   2.454137e+03   0.000000e+00   4203s
  800112    4.5630341e-03   8.862879e+02   0.000000e+00   4207s
  800471    4.5634224e-03   2.491659e+03   0.000000e+00   4210s
  801189    4.5642062e-03   8.756837e+02   0.000000e+00   4217s
  801548    4.5645957e-03   3.676830e+03   0.000000e+00   4220s
  802266    4.5653630e-03   1.693310e+03   0.000000e+00   4227s
  802625    4.5657467e-03   7.463354e+02   0.000000e+00   4230s
  803343    4.5664518e-03   4.511911e+03   0.000000e+00   4237s
  803702    4.5667887e-03   1.883672e+03   0.000000e+00   4241s
  804420    4.5675519e-03   7.319541e+03   0.000000e+00   4248s
  804779    4.5679293e-03   1.197701e+03   0.000000e+00   4251s
  805497    4.5687849e-03   1.145292e+03   0.000000e+00   4258s
  805856    4.5691083e-03   1.033213e+03   0.000000e+00   4262s
  806215    4.5694785e-03   3.582268e+03   0.000000e+00   4265s
  806933    4.5702068e-03   9.394373e+02   0.000000e+00   4272s
  807292    4.5705780e-03   1.255790e+03   0.000000e+00   4275s
  808010    4.5714720e-03   1.072407e+03   0.000000e+00   4282s
  808369    4.5718975e-03   3.323600e+03   0.000000e+00   4285s
  809087    4.5727325e-03   8.565602e+02   0.000000e+00   4292s
  809446    4.5731877e-03   1.279391e+03   0.000000e+00   4296s
  810164    4.5741544e-03   8.492607e+02   0.000000e+00   4302s
  810523    4.5746089e-03   2.569812e+03   0.000000e+00   4306s
  811241    4.5754746e-03   2.290362e+03   0.000000e+00   4313s
  811600    4.5758570e-03   1.827698e+03   0.000000e+00   4316s
  812318    4.5766877e-03   6.763112e+02   0.000000e+00   4323s
  812677    4.5771341e-03   2.233319e+03   0.000000e+00   4327s
  813036    4.5775193e-03   2.824961e+03   0.000000e+00   4330s
  813754    4.5783161e-03   6.781737e+02   0.000000e+00   4337s
  814113    4.5786442e-03   1.434218e+03   0.000000e+00   4341s
  814831    4.5793440e-03   4.730082e+02   0.000000e+00   4348s
  815190    4.5796709e-03   1.724092e+03   0.000000e+00   4351s
  815908    4.5803342e-03   1.107925e+03   0.000000e+00   4358s
  816267    4.5806981e-03   8.072578e+02   0.000000e+00   4362s
  816626    4.5810108e-03   8.668892e+02   0.000000e+00   4365s
  817344    4.5816318e-03   5.865458e+02   0.000000e+00   4372s
  817703    4.5819327e-03   1.030058e+03   0.000000e+00   4376s
  818421    4.5825870e-03   6.471804e+02   0.000000e+00   4383s
  818780    4.5828489e-03   3.826722e+02   0.000000e+00   4386s
  819498    4.5835492e-03   1.556772e+03   0.000000e+00   4393s
  819857    4.5839355e-03   1.722275e+03   0.000000e+00   4397s
  820216    4.5842417e-03   1.674027e+03   0.000000e+00   4400s
  820934    4.5849784e-03   1.383400e+03   0.000000e+00   4407s
  821293    4.5853880e-03   5.950022e+02   0.000000e+00   4411s
  822011    4.5860679e-03   4.754550e+03   0.000000e+00   4418s
  822370    4.5863837e-03   7.473904e+02   0.000000e+00   4421s
  823088    4.5871539e-03   8.925323e+02   0.000000e+00   4428s
  823447    4.5874562e-03   5.552834e+02   0.000000e+00   4432s
  823806    4.5878018e-03   1.488561e+03   0.000000e+00   4435s
  824524    4.5885550e-03   3.745063e+03   0.000000e+00   4442s
  824883    4.5889257e-03   6.804001e+02   0.000000e+00   4446s
  825601    4.5896806e-03   8.764879e+02   0.000000e+00   4453s
  825960    4.5899914e-03   9.729349e+02   0.000000e+00   4456s
  826678    4.5907987e-03   1.166005e+03   0.000000e+00   4463s
  827037    4.5912168e-03   6.407462e+02   0.000000e+00   4467s
  827396    4.5916114e-03   7.611696e+02   0.000000e+00   4470s
  828114    4.5923531e-03   4.413085e+02   0.000000e+00   4478s
  828473    4.5927442e-03   1.201207e+03   0.000000e+00   4481s
  829191    4.5935301e-03   3.103838e+03   0.000000e+00   4488s
  829550    4.5939380e-03   2.025880e+03   0.000000e+00   4492s
  829909    4.5943106e-03   1.120070e+03   0.000000e+00   4495s
  830627    4.5950906e-03   9.041694e+02   0.000000e+00   4502s
  830986    4.5954493e-03   6.375489e+02   0.000000e+00   4506s
  831704    4.5962424e-03   8.865681e+02   0.000000e+00   4513s
  832063    4.5965750e-03   1.617975e+03   0.000000e+00   4516s
  832422    4.5969227e-03   1.240960e+03   0.000000e+00   4520s
  833140    4.5976273e-03   8.497692e+02   0.000000e+00   4527s
  833499    4.5980612e-03   2.599012e+03   0.000000e+00   4531s
  834217    4.5987138e-03   7.306698e+02   0.000000e+00   4538s
  834576    4.5990249e-03   5.014728e+02   0.000000e+00   4542s
  834935    4.5993332e-03   7.219423e+02   0.000000e+00   4545s
  835653    4.6000543e-03   1.200937e+04   0.000000e+00   4552s
  836012    4.6003503e-03   7.588709e+02   0.000000e+00   4556s
  836730    4.6010209e-03   1.517221e+03   0.000000e+00   4563s
  837089    4.6013742e-03   2.982806e+03   0.000000e+00   4567s
  837448    4.6017443e-03   1.753975e+04   0.000000e+00   4570s
  838166    4.6023890e-03   1.155909e+03   0.000000e+00   4577s
  838525    4.6027220e-03   7.862383e+03   0.000000e+00   4581s
  839243    4.6033027e-03   1.019860e+03   0.000000e+00   4588s
  839602    4.6036069e-03   6.394893e+02   0.000000e+00   4592s
  839961    4.6039400e-03   4.164286e+02   0.000000e+00   4596s
  840679    4.6045939e-03   4.683801e+02   0.000000e+00   4603s
  841038    4.6049433e-03   1.482414e+03   0.000000e+00   4606s
  841397    4.6052557e-03   4.847658e+02   0.000000e+00   4610s
  842115    4.6059488e-03   1.628289e+03   0.000000e+00   4617s
  842474    4.6062854e-03   1.995135e+03   0.000000e+00   4621s
  843192    4.6069326e-03   1.314699e+03   0.000000e+00   4628s
  843551    4.6072178e-03   2.294090e+03   0.000000e+00   4632s
  843910    4.6075932e-03   2.155119e+03   0.000000e+00   4636s
  844628    4.6083487e-03   1.139305e+03   0.000000e+00   4643s
  844987    4.6086519e-03   1.779745e+03   0.000000e+00   4646s
  845346    4.6089690e-03   7.288724e+02   0.000000e+00   4650s
  846064    4.6095933e-03   1.193368e+03   0.000000e+00   4657s
  846423    4.6098913e-03   1.220095e+03   0.000000e+00   4661s
  847141    4.6106245e-03   4.475194e+03   0.000000e+00   4668s
  847500    4.6109093e-03   1.013008e+03   0.000000e+00   4672s
  847859    4.6112741e-03   1.936735e+03   0.000000e+00   4675s
  848577    4.6119246e-03   6.733840e+02   0.000000e+00   4683s
  848936    4.6122850e-03   9.672026e+02   0.000000e+00   4686s
  849654    4.6129403e-03   3.288721e+02   0.000000e+00   4693s
  850013    4.6132781e-03   9.096458e+02   0.000000e+00   4697s
  850372    4.6136115e-03   4.745768e+03   0.000000e+00   4701s
  851090    4.6142596e-03   1.539561e+03   0.000000e+00   4708s
  851449    4.6146056e-03   1.063035e+03   0.000000e+00   4711s
  852167    4.6152680e-03   9.457395e+02   0.000000e+00   4718s
  852526    4.6156108e-03   2.767168e+03   0.000000e+00   4722s
  852885    4.6159175e-03   3.706833e+02   0.000000e+00   4726s
  853603    4.6165020e-03   6.302780e+02   0.000000e+00   4733s
  853962    4.6244677e-03   1.288821e+03   0.000000e+00   4736s
  854680    4.6317028e-03   1.162839e+03   0.000000e+00   4743s
  855039    4.6351221e-03   2.641934e+03   0.000000e+00   4746s
  855757    4.6404563e-03   1.506820e+03   0.000000e+00   4753s
  856116    4.6427543e-03   6.704550e+02   0.000000e+00   4756s
  856834    4.6476378e-03   6.137863e+02   0.000000e+00   4763s
  857193    4.6494882e-03   1.182178e+03   0.000000e+00   4766s
  857911    4.6529723e-03   2.033962e+03   0.000000e+00   4773s
  858270    4.6545457e-03   6.378462e+03   0.000000e+00   4776s
  858988    4.6577415e-03   3.043235e+03   0.000000e+00   4783s
  859347    4.6593568e-03   1.549884e+03   0.000000e+00   4787s
  859706    4.6608453e-03   7.415447e+02   0.000000e+00   4790s
  860424    4.6642675e-03   9.680057e+02   0.000000e+00   4797s
  860783    4.6657721e-03   7.140320e+02   0.000000e+00   4800s
  861501    4.6687075e-03   7.122106e+03   0.000000e+00   4807s
  861860    4.6701698e-03   8.518559e+02   0.000000e+00   4810s
  862578    4.6730322e-03   3.529485e+03   0.000000e+00   4817s
  862937    4.6744307e-03   5.026152e+03   0.000000e+00   4821s
  863655    4.6766292e-03   8.437558e+02   0.000000e+00   4828s
  864014    4.6777276e-03   3.508059e+03   0.000000e+00   4831s
  864732    4.6802143e-03   8.006434e+02   0.000000e+00   4838s
  865091    4.6815654e-03   2.937259e+03   0.000000e+00   4841s
  865809    4.6839481e-03   5.802363e+03   0.000000e+00   4848s
  866168    4.6850213e-03   6.150195e+02   0.000000e+00   4852s
  866527    4.6858917e-03   8.954666e+02   0.000000e+00   4855s
  867245    4.6877096e-03   5.555796e+03   0.000000e+00   4862s
  867604    4.6886362e-03   6.111640e+02   0.000000e+00   4866s
  868322    4.6914164e-03   1.012704e+03   0.000000e+00   4873s
  868681    4.6923896e-03   1.662340e+03   0.000000e+00   4876s
  869399    4.6939447e-03   3.479345e+03   0.000000e+00   4883s
  869758    4.6948284e-03   3.796286e+02   0.000000e+00   4887s
  870117    4.6958332e-03   5.401121e+02   0.000000e+00   4890s
  870835    4.6979282e-03   5.508783e+02   0.000000e+00   4898s
  871194    4.6988886e-03   2.780858e+03   0.000000e+00   4901s
  871912    4.7007632e-03   2.014279e+03   0.000000e+00   4908s
  872271    4.7018199e-03   3.630687e+02   0.000000e+00   4912s
  872630    4.7027405e-03   6.343738e+02   0.000000e+00   4915s
  873348    4.7047595e-03   4.451395e+02   0.000000e+00   4922s
  873707    4.7057475e-03   4.497393e+02   0.000000e+00   4926s
  874425    4.7082821e-03   1.223886e+03   0.000000e+00   4933s
  874784    4.7096791e-03   5.690466e+03   0.000000e+00   4936s
  875502    4.7112805e-03   6.667006e+02   0.000000e+00   4943s
  875861    4.7122999e-03   1.485239e+03   0.000000e+00   4946s
  876579    4.7155160e-03   2.254103e+03   0.000000e+00   4953s
  876938    4.7166393e-03   7.632272e+02   0.000000e+00   4956s
  877656    4.7182063e-03   7.147527e+02   0.000000e+00   4964s
  878015    4.7191407e-03   5.673124e+02   0.000000e+00   4967s
  878374    4.7201776e-03   1.068678e+03   0.000000e+00   4971s
  879092    4.7218539e-03   5.283556e+02   0.000000e+00   4978s
  879451    4.7226817e-03   1.144171e+03   0.000000e+00   4981s
  880169    4.7247373e-03   2.038252e+03   0.000000e+00   4988s
  880528    4.7254135e-03   3.731143e+02   0.000000e+00   4992s
  880887    4.7262634e-03   1.279516e+03   0.000000e+00   4996s
  881605    4.7282164e-03   1.349617e+03   0.000000e+00   5003s
  881964    4.7293457e-03   5.699789e+02   0.000000e+00   5006s
  882682    4.7310697e-03   2.311605e+03   0.000000e+00   5013s
  883041    4.7320896e-03   1.578606e+03   0.000000e+00   5017s
  883400    4.7329828e-03   2.744022e+03   0.000000e+00   5020s
  884118    4.7348563e-03   6.078380e+03   0.000000e+00   5028s
  884477    4.7356456e-03   2.754424e+03   0.000000e+00   5031s
  885195    4.7369832e-03   1.082212e+03   0.000000e+00   5038s
  885554    4.7376980e-03   1.167024e+03   0.000000e+00   5042s
  885913    4.7383955e-03   1.688488e+03   0.000000e+00   5045s
  886631    4.7398394e-03   5.866549e+02   0.000000e+00   5053s
  886990    4.7405793e-03   2.062553e+03   0.000000e+00   5056s
  887708    4.7421282e-03   4.999359e+03   0.000000e+00   5064s
  888067    4.7427959e-03   6.088681e+02   0.000000e+00   5067s
  888426    4.7435463e-03   8.546153e+02   0.000000e+00   5071s
  889144    4.7448181e-03   1.229948e+03   0.000000e+00   5078s
  889503    4.7456045e-03   2.131821e+03   0.000000e+00   5082s
  889862    4.7464073e-03   5.689234e+02   0.000000e+00   5085s
  890580    4.7477965e-03   3.685791e+02   0.000000e+00   5092s
  890939    4.7485554e-03   9.125642e+02   0.000000e+00   5096s
  891657    4.7499471e-03   1.209961e+03   0.000000e+00   5103s
  892016    4.7506779e-03   8.494670e+02   0.000000e+00   5107s
  892375    4.7514579e-03   1.648080e+03   0.000000e+00   5110s
  893093    4.7527997e-03   2.802927e+02   0.000000e+00   5118s
  893452    4.7534151e-03   1.397480e+03   0.000000e+00   5121s
  894170    4.7548096e-03   1.904560e+03   0.000000e+00   5129s
  894529    4.7554435e-03   7.457232e+02   0.000000e+00   5132s
  894888    4.7560833e-03   7.641514e+02   0.000000e+00   5136s
  895606    4.7575339e-03   2.903354e+03   0.000000e+00   5143s
  895965    4.7581782e-03   1.146001e+03   0.000000e+00   5147s
  896324    4.7589636e-03   7.621042e+02   0.000000e+00   5151s
  897042    4.7603062e-03   9.096524e+02   0.000000e+00   5158s
  897401    4.7609204e-03   4.276392e+02   0.000000e+00   5161s
  897760    4.7614082e-03   4.516277e+02   0.000000e+00   5165s
  898478    4.7625552e-03   4.310909e+02   0.000000e+00   5173s
  898837    4.7630725e-03   1.688575e+03   0.000000e+00   5176s
  899196    4.7637494e-03   1.258899e+03   0.000000e+00   5180s
  899914    4.7651360e-03   1.394041e+03   0.000000e+00   5187s
  900273    4.7657746e-03   3.851515e+02   0.000000e+00   5191s
  900991    4.7670169e-03   4.977568e+03   0.000000e+00   5198s
  901350    4.7677236e-03   4.557244e+02   0.000000e+00   5202s
  901709    4.7683879e-03   7.363109e+03   0.000000e+00   5206s
  902427    4.7694452e-03   3.759741e+02   0.000000e+00   5213s
  902786    4.7700887e-03   5.230371e+02   0.000000e+00   5217s
  903145    4.7706869e-03   1.212320e+03   0.000000e+00   5221s
  903863    4.7717904e-03   3.213296e+02   0.000000e+00   5228s
  904222    4.7723755e-03   1.723484e+03   0.000000e+00   5232s
  904581    4.7731339e-03   6.671433e+03   0.000000e+00   5235s
  905299    4.7744318e-03   1.050250e+03   0.000000e+00   5243s
  905658    4.7752246e-03   2.956828e+02   0.000000e+00   5247s
  906017    4.7758469e-03   9.088386e+02   0.000000e+00   5250s
  906735    4.7770978e-03   6.312839e+02   0.000000e+00   5258s
  907094    4.7777551e-03   6.126224e+02   0.000000e+00   5261s
  907453    4.7783520e-03   1.391342e+03   0.000000e+00   5265s
  908171    4.7796055e-03   1.003104e+03   0.000000e+00   5272s
  908530    4.7801921e-03   3.941731e+02   0.000000e+00   5276s
  909248    4.7816861e-03   6.763995e+02   0.000000e+00   5284s
  909607    4.7822921e-03   8.437556e+02   0.000000e+00   5287s
  909966    4.7828992e-03   2.996385e+02   0.000000e+00   5291s
  910684    4.7841008e-03   3.788084e+02   0.000000e+00   5298s
  911043    4.7846027e-03   6.286019e+02   0.000000e+00   5302s
  911402    4.7851936e-03   8.867775e+02   0.000000e+00   5306s
  912120    4.7862498e-03   8.647554e+02   0.000000e+00   5313s
  912479    4.7867701e-03   6.902353e+02   0.000000e+00   5317s
  912838    4.7872768e-03   4.085641e+02   0.000000e+00   5320s
  913556    4.7881288e-03   3.411964e+02   0.000000e+00   5328s
  913915    4.7887014e-03   7.350340e+02   0.000000e+00   5331s
  914274    4.7892156e-03   4.655301e+02   0.000000e+00   5335s
  914992    4.7902919e-03   1.498930e+03   0.000000e+00   5343s
  915351    4.7907063e-03   7.688142e+02   0.000000e+00   5346s
  916069    4.7917639e-03   5.356268e+02   0.000000e+00   5354s
  916428    4.7922025e-03   7.759302e+02   0.000000e+00   5357s
  916787    4.7927277e-03   1.127242e+03   0.000000e+00   5361s
  917505    4.7938773e-03   1.374532e+03   0.000000e+00   5368s
  917864    4.7944548e-03   1.553226e+03   0.000000e+00   5372s
  918223    4.7949532e-03   1.124254e+03   0.000000e+00   5376s
  918941    4.7959643e-03   5.816846e+02   0.000000e+00   5383s
  919300    4.7964280e-03   6.640049e+02   0.000000e+00   5387s
  919659    4.7968314e-03   1.105495e+03   0.000000e+00   5391s
  920377    4.7976823e-03   2.679823e+02   0.000000e+00   5398s
  920736    4.7981067e-03   3.439960e+03   0.000000e+00   5402s
  921095    4.7985181e-03   1.498945e+03   0.000000e+00   5405s
  921813    4.7996943e-03   5.301681e+02   0.000000e+00   5413s
  922172    4.8002848e-03   2.013005e+03   0.000000e+00   5417s
  922531    4.8007489e-03   7.957535e+02   0.000000e+00   5420s
  923249    4.8016898e-03   3.953732e+02   0.000000e+00   5428s
  923608    4.8021891e-03   2.846373e+03   0.000000e+00   5432s
  923967    4.8025516e-03   5.582590e+02   0.000000e+00   5435s
  924685    4.8034380e-03   2.937684e+02   0.000000e+00   5443s
  925044    4.8039284e-03   6.776858e+02   0.000000e+00   5447s
  925403    4.8043430e-03   1.399495e+03   0.000000e+00   5450s
  926121    4.8052057e-03   8.441071e+02   0.000000e+00   5458s
  926480    4.8056514e-03   4.354724e+03   0.000000e+00   5462s
  926839    4.8061351e-03   3.823288e+02   0.000000e+00   5465s
  927557    4.8068969e-03   4.811147e+02   0.000000e+00   5473s
  927916    4.8072833e-03   2.957244e+02   0.000000e+00   5477s
  928275    4.8076640e-03   4.083630e+02   0.000000e+00   5481s
  928993    4.8085354e-03   1.233122e+03   0.000000e+00   5488s
  929352    4.8089920e-03   3.607718e+02   0.000000e+00   5492s
  929711    4.8093643e-03   2.397286e+02   0.000000e+00   5496s
  930429    4.8101467e-03   3.941609e+02   0.000000e+00   5503s
  930788    4.8104606e-03   3.992634e+02   0.000000e+00   5507s
  931147    4.8109291e-03   9.191431e+02   0.000000e+00   5511s
  931865    4.8117825e-03   9.649855e+02   0.000000e+00   5519s
  932224    4.8121192e-03   1.790888e+03   0.000000e+00   5523s
  932583    4.8125150e-03   3.626570e+02   0.000000e+00   5526s
  932942    4.8129769e-03   1.382799e+03   0.000000e+00   5530s
  933660    4.8138179e-03   2.521133e+02   0.000000e+00   5538s
  934019    4.8142447e-03   6.455643e+02   0.000000e+00   5542s
  934378    4.8145752e-03   2.935548e+02   0.000000e+00   5545s
  935096    4.8154871e-03   5.263540e+02   0.000000e+00   5553s
  935455    4.8158344e-03   1.194108e+03   0.000000e+00   5557s
  935814    4.8161545e-03   4.827879e+02   0.000000e+00   5561s
  936532    4.8168948e-03   1.984162e+02   0.000000e+00   5568s
  936891    4.8172939e-03   6.557794e+02   0.000000e+00   5572s
  937250    4.8176279e-03   9.986815e+02   0.000000e+00   5576s
  937968    4.8183204e-03   1.660379e+02   0.000000e+00   5584s
  938327    4.8186462e-03   4.188781e+02   0.000000e+00   5587s
  938686    4.8191160e-03   3.491973e+02   0.000000e+00   5591s
  939045    4.8194652e-03   3.992434e+02   0.000000e+00   5595s
  939763    4.8202066e-03   1.598511e+02   0.000000e+00   5603s
  940122    4.8205675e-03   3.147995e+02   0.000000e+00   5607s
  940481    4.8209835e-03   6.450003e+02   0.000000e+00   5610s
  941199    4.8217984e-03   8.836182e+02   0.000000e+00   5618s
  941558    4.8221725e-03   3.340724e+02   0.000000e+00   5622s
  941917    4.8224836e-03   5.404808e+02   0.000000e+00   5626s
  942635    4.8231666e-03   2.979282e+02   0.000000e+00   5633s
  942994    4.8234800e-03   8.993461e+02   0.000000e+00   5637s
  943353    4.8238367e-03   2.915182e+02   0.000000e+00   5641s
  944071    4.8245258e-03   4.847885e+02   0.000000e+00   5649s
  944430    4.8248354e-03   1.970874e+02   0.000000e+00   5653s
  944789    4.8252215e-03   1.578307e+03   0.000000e+00   5657s
  945148    4.8256145e-03   2.641019e+03   0.000000e+00   5660s
  945866    4.8264593e-03   3.229429e+02   0.000000e+00   5668s
  946225    4.8267883e-03   3.770125e+02   0.000000e+00   5672s
  946584    4.8271305e-03   2.531459e+02   0.000000e+00   5676s
  947302    4.8278285e-03   5.889143e+02   0.000000e+00   5683s
  947661    4.8281640e-03   7.011390e+02   0.000000e+00   5687s
  948020    4.8284295e-03   3.199704e+02   0.000000e+00   5691s
  948738    4.8290512e-03   1.345449e+02   0.000000e+00   5699s
  949097    4.8293476e-03   5.285501e+02   0.000000e+00   5703s
  949456    4.8296404e-03   1.943161e+02   0.000000e+00   5706s
  949815    4.8299653e-03   8.642809e+02   0.000000e+00   5710s
  950533    4.8307945e-03   2.778030e+02   0.000000e+00   5718s
  950892    4.8311751e-03   7.179837e+02   0.000000e+00   5722s
  951251    4.8315092e-03   1.110632e+03   0.000000e+00   5726s
  951969    4.8321421e-03   1.955294e+02   0.000000e+00   5733s
  952328    4.8324245e-03   6.862162e+02   0.000000e+00   5737s
  952687    4.8328047e-03   3.603608e+02   0.000000e+00   5741s
  953405    4.8336117e-03   7.515233e+02   0.000000e+00   5749s
  953764    4.8339610e-03   6.160702e+02   0.000000e+00   5753s
  954123    4.8344068e-03   2.350525e+02   0.000000e+00   5756s
  954482    4.8347880e-03   1.400509e+02   0.000000e+00   5760s
  955200    4.8354768e-03   7.361007e+02   0.000000e+00   5768s
  955559    4.8358053e-03   9.652382e+02   0.000000e+00   5772s
  955918    4.8361145e-03   3.003242e+02   0.000000e+00   5776s
  956636    4.8369598e-03   1.965563e+02   0.000000e+00   5783s
  956995    4.8373060e-03   3.335611e+02   0.000000e+00   5787s
  957354    4.8376240e-03   6.623819e+02   0.000000e+00   5791s
  958072    4.8383286e-03   4.973377e+02   0.000000e+00   5799s
  958431    4.8386448e-03   9.556065e+01   0.000000e+00   5803s
  958790    4.8390203e-03   2.507954e+02   0.000000e+00   5807s
  959149    4.8394500e-03   3.177041e+02   0.000000e+00   5810s
  959867    4.8401987e-03   1.890515e+02   0.000000e+00   5818s
  960226    4.8405522e-03   1.229891e+03   0.000000e+00   5822s
  960585    4.8409034e-03   3.929404e+02   0.000000e+00   5826s
  961303    4.8416066e-03   2.621402e+02   0.000000e+00   5833s
  961662    4.8420469e-03   3.382876e+02   0.000000e+00   5837s
  962021    4.8424594e-03   3.484769e+02   0.000000e+00   5841s
  962739    4.8432896e-03   2.330075e+02   0.000000e+00   5849s
  963098    4.8436710e-03   2.915665e+02   0.000000e+00   5853s
  963457    4.8440784e-03   9.453304e+02   0.000000e+00   5856s
  963816    4.8446029e-03   5.599997e+02   0.000000e+00   5860s
  964534    4.8455282e-03   2.765903e+02   0.000000e+00   5868s
  964893    4.8460007e-03   2.121832e+02   0.000000e+00   5872s
  965252    4.8463857e-03   4.380147e+02   0.000000e+00   5875s
  965970    4.8470971e-03   2.896485e+02   0.000000e+00   5883s
  966329    4.8474234e-03   1.716710e+03   0.000000e+00   5887s
  966688    4.8477987e-03   4.376258e+02   0.000000e+00   5891s
  967406    4.8485311e-03   1.494602e+03   0.000000e+00   5898s
  967765    4.8488376e-03   6.207052e+02   0.000000e+00   5902s
  968124    4.8492655e-03   9.253863e+02   0.000000e+00   5906s
  968483    4.8496298e-03   5.981210e+02   0.000000e+00   5910s
  969201    4.8502842e-03   8.390972e+02   0.000000e+00   5918s
  969560    4.8505840e-03   4.587354e+02   0.000000e+00   5922s
  969919    4.8508496e-03   3.324601e+02   0.000000e+00   5925s
  970637    4.8530455e-03   3.505906e+03   0.000000e+00   5933s
  970996    4.8545742e-03   1.552783e+03   0.000000e+00   5937s
  971355    4.8558120e-03   1.470630e+03   0.000000e+00   5940s
  972073    4.8579676e-03   1.031142e+03   0.000000e+00   5948s
  972432    4.8588271e-03   6.750091e+02   0.000000e+00   5951s
  972791    4.8596195e-03   3.367478e+03   0.000000e+00   5955s
  973509    4.8615492e-03   2.743570e+03   0.000000e+00   5963s
  973868    4.8625528e-03   4.425963e+03   0.000000e+00   5966s
  974227    4.8634334e-03   6.787978e+03   0.000000e+00   5970s
  974945    4.8652596e-03   1.678858e+03   0.000000e+00   5978s
  975304    4.8663381e-03   9.600028e+03   0.000000e+00   5981s
  976022    4.8681848e-03   5.702333e+02   0.000000e+00   5989s
  976381    4.8692966e-03   1.281585e+04   0.000000e+00   5992s
  976740    4.8703023e-03   1.643209e+03   0.000000e+00   5996s
  977458    4.8725355e-03   6.455338e+03   0.000000e+00   6004s
  977817    4.8733899e-03   4.174431e+02   0.000000e+00   6007s
  978176    4.8742036e-03   2.470143e+03   0.000000e+00   6011s
  978894    4.8760077e-03   1.594114e+03   0.000000e+00   6019s
  979253    4.8771191e-03   3.019684e+03   0.000000e+00   6022s
  979612    4.8792500e-03   3.336530e+03   0.000000e+00   6026s
  980330    4.8815529e-03   4.292300e+03   0.000000e+00   6033s
  980689    4.8826095e-03   3.360802e+03   0.000000e+00   6037s
  981048    4.8835679e-03   2.382718e+03   0.000000e+00   6041s
  981766    4.8853038e-03   5.279201e+02   0.000000e+00   6048s
  982125    4.8860932e-03   9.814636e+03   0.000000e+00   6052s
  982484    4.8870115e-03   4.283925e+02   0.000000e+00   6056s
  983202    4.8884886e-03   1.832846e+03   0.000000e+00   6064s
  983561    4.8890963e-03   3.002759e+03   0.000000e+00   6068s
  983920    4.8897200e-03   2.035705e+03   0.000000e+00   6072s
  984279    4.8903683e-03   1.849920e+03   0.000000e+00   6075s
  984997    4.8916113e-03   1.028131e+03   0.000000e+00   6083s
  985356    4.8924800e-03   7.604647e+02   0.000000e+00   6087s
  985715    4.8931409e-03   3.046793e+03   0.000000e+00   6091s
  986433    4.8944100e-03   1.505684e+03   0.000000e+00   6099s
  986792    4.8949872e-03   5.617987e+02   0.000000e+00   6103s
  987151    4.8957360e-03   1.163701e+03   0.000000e+00   6106s
  987510    4.8965101e-03   1.590381e+03   0.000000e+00   6110s
  988228    4.8978368e-03   4.770150e+03   0.000000e+00   6118s
  988587    4.8983157e-03   3.314587e+02   0.000000e+00   6122s
  988946    4.8987670e-03   2.621784e+03   0.000000e+00   6126s
  989664    4.9000900e-03   9.335551e+02   0.000000e+00   6134s
  990023    4.9005297e-03   2.231451e+03   0.000000e+00   6137s
  990382    4.9009484e-03   1.146827e+03   0.000000e+00   6141s
  990741    4.9014534e-03   3.399677e+02   0.000000e+00   6145s
  991459    4.9024412e-03   2.773257e+03   0.000000e+00   6153s
  991818    4.9028299e-03   4.454757e+02   0.000000e+00   6157s
  992177    4.9032181e-03   7.196681e+02   0.000000e+00   6161s
  992895    4.9038747e-03   6.861324e+01   0.000000e+00   6169s
  993254    4.9041162e-03   2.672084e+02   0.000000e+00   6173s
  993613    4.9043953e-03   1.110825e+02   0.000000e+00   6177s
  993972    4.9046902e-03   3.609666e+03   0.000000e+00   6180s
  994690    4.9052074e-03   4.994418e+02   0.000000e+00   6188s
  995049    4.9054749e-03   5.797473e+02   0.000000e+00   6192s
  995408    4.9057746e-03   2.043308e+03   0.000000e+00   6196s
  995767    4.9060541e-03   9.558014e+02   0.000000e+00   6200s
  996485    4.9065793e-03   4.650565e+02   0.000000e+00   6208s
  996844    4.9067838e-03   1.117117e+03   0.000000e+00   6212s
  997203    4.9070181e-03   3.465982e+02   0.000000e+00   6216s
  997921    4.9073769e-03   1.190479e+02   0.000000e+00   6224s
  998280    4.9075401e-03   9.040611e+01   0.000000e+00   6228s
  998639    4.9076574e-03   3.005372e+02   0.000000e+00   6232s
  998998    4.9077694e-03   4.620247e+01   0.000000e+00   6236s
  999716    4.9079152e-03   1.312992e+02   0.000000e+00   6244s
 1000075    4.9079751e-03   3.947396e+01   0.000000e+00   6248s
 1000434    4.9080305e-03   9.104277e+00   0.000000e+00   6252s
 1000793    4.9080526e-03   5.048047e-01   0.000000e+00   6256s
 1001462    4.9080806e-03   0.000000e+00   0.000000e+00   6263s

Root relaxation: objective 0.000000e+00, 1001462 iterations, 6260.91 seconds
Total elapsed time = 6462.46s
Total elapsed time = 6956.86s
Total elapsed time = 7930.81s
Total elapsed time = 8423.71s

    Nodes    |    Current Node    |     Objective Bounds      |     Work
 Expl Unexpl |  Obj  Depth IntInf | Incumbent    BestBd   Gap | It/Node Time

     0     0    0.00000    0  398          -    0.00000      -     - 8951s
H    0     0                    680728.00000    0.00000   100%     - 8998s
     0     0    0.00000    0 1110 680728.000    0.00000   100%     - 15152s
H    0     0                    6254.0000000    0.00000   100%     - 15166s
     0     0    0.00000    0 1286 6254.00000    0.00000   100%     - 19198s
     0     0    0.00000    0 1384 6254.00000    0.00000   100%     - 28271s
     0     0    0.00000    0 1359 6254.00000    0.00000   100%     - 38588s
     0     0    0.00000    0  188 6254.00000    0.00000   100%     - 57742s
     0     0    0.00000    0  602 6254.00000    0.00000   100%     - 60713s
     0     0    0.00000    0  255 6254.00000    0.00000   100%     - 68940s
     0     0    0.00000    0  607 6254.00000    0.00000   100%     - 72082s
     0     0          -    0      6254.00000    0.00000   100%     - 79999s

Cutting planes:
  Gomory: 6
  Cover: 91
  Implied bound: 133
  Clique: 22
  MIR: 283
  Flow cover: 298
  Zero half: 1

Explored 0 nodes (10143248 simplex iterations) in 79999.77 seconds
Thread count was 8 (of 8 available processors)

Solve interrupted
Best objective 6.254000000000e+03, best bound 0.000000000000e+00, gap 100.0000%

Solution:
0 47 49 26 27 40 22 21 20 19 18 17 16 15 13 12 11 10 9 8 4 3 7 48 
0 0 0 0 0 0 0 0 0 0 0 0 0 0 0 0 0 0 0 0 0 0 0 0 

Cost: 6254
Lower Bound: 0
