Optimize a model with 7551 rows, 127449 columns and 386560 nonzeros
Model has 2450 quadratic objective terms
Model has 2500 quadratic constraints
Coefficient statistics:
  Matrix range    [1e+00, 1e+03]
  Objective range [0e+00, 0e+00]
  Bounds range    [1e+00, 5e+01]
  RHS range       [1e+00, 1e+04]
Presolve removed 199 rows and 7106 columns
Presolve time: 0.64s
Presolved: 473878 rows, 353581 columns, 1757465 nonzeros
Variable types: 235688 continuous, 117893 integer (117844 binary)

Root simplex log...

Iteration    Objective       Primal Inf.    Dual Inf.      Time
   47667    7.3387992e-04   5.715554e+03   0.000000e+00      5s
   72354    1.1516758e-03   1.908949e+04   0.000000e+00     10s
   80294    1.2500119e-03   1.794672e+04   0.000000e+00     15s
   83121    1.2903043e-03   6.380747e+04   0.000000e+00     20s
   84557    1.3218865e-03   3.211307e+04   0.000000e+00     25s
   86540    1.3559454e-03   3.309138e+04   0.000000e+00     30s
   88447    1.3811124e-03   1.524914e+04   0.000000e+00     36s
   92466    1.4117791e-03   8.774920e+03   0.000000e+00     40s
   98929    1.4528465e-03   1.312591e+04   0.000000e+00     45s
  104673    1.5058350e-03   1.983808e+04   0.000000e+00     50s
  108622    1.5263732e-03   1.958393e+04   0.000000e+00     55s
  112571    1.5502580e-03   3.138786e+04   0.000000e+00     60s
  117597    1.5999326e-03   2.083874e+04   0.000000e+00     65s
  121905    1.6202876e-03   1.552876e+04   0.000000e+00     70s
  126572    1.6491340e-03   2.883691e+04   0.000000e+00     75s
  129803    1.6675689e-03   1.461720e+04   0.000000e+00     80s
  133752    1.6863181e-03   1.068276e+04   0.000000e+00     85s
  137701    1.7051201e-03   1.012707e+04   0.000000e+00     90s
  142368    1.7287768e-03   1.010651e+04   0.000000e+00     95s
  146676    1.7479179e-03   6.860456e+03   0.000000e+00    101s
  150625    1.7627042e-03   1.693569e+04   0.000000e+00    106s
  152779    1.7720274e-03   3.398128e+04   0.000000e+00    111s
  155292    1.7796133e-03   2.234602e+04   0.000000e+00    115s
  159241    1.7943824e-03   1.116305e+04   0.000000e+00    120s
  163908    1.8171246e-03   6.414233e+03   0.000000e+00    126s
  167139    1.8304246e-03   7.335793e+03   0.000000e+00    130s
  170370    1.8430468e-03   1.427842e+04   0.000000e+00    135s
  173242    1.8552986e-03   2.026921e+04   0.000000e+00    140s
  177191    1.8741713e-03   6.136173e+03   0.000000e+00    145s
  179704    1.8825097e-03   3.089203e+04   0.000000e+00    151s
  181858    1.8919704e-03   2.573648e+04   0.000000e+00    156s
  185807    1.9072733e-03   2.424367e+04   0.000000e+00    160s
  187243    1.9115527e-03   5.103762e+04   0.000000e+00    165s
  190115    1.9244408e-03   2.152776e+04   0.000000e+00    170s
  192987    1.9374311e-03   2.513235e+04   0.000000e+00    175s
  195500    1.9501585e-03   2.298888e+04   0.000000e+00    180s
  199449    1.9734998e-03   1.189664e+04   0.000000e+00    186s
  202321    1.9836718e-03   8.675612e+03   0.000000e+00    190s
  204116    1.9909317e-03   2.375590e+04   0.000000e+00    196s
  205911    1.9957550e-03   8.455727e+03   0.000000e+00    201s
  208065    2.0130319e-03   1.602014e+04   0.000000e+00    205s
  209501    2.0164616e-03   3.276482e+04   0.000000e+00    210s
  211655    2.0234958e-03   1.318547e+04   0.000000e+00    215s
  214527    2.0526386e-03   1.384951e+04   0.000000e+00    221s
  217040    2.0596595e-03   2.093413e+04   0.000000e+00    225s
  219553    2.0673815e-03   1.487858e+04   0.000000e+00    231s
  222784    2.0780038e-03   1.077076e+05   0.000000e+00    236s
  224220    2.0819863e-03   3.069895e+04   0.000000e+00    241s
  226015    2.0857741e-03   1.121845e+04   0.000000e+00    246s
  227092    2.0880055e-03   1.275659e+04   0.000000e+00    250s
  229246    2.0951733e-03   1.467228e+04   0.000000e+00    256s
  231400    2.1068135e-03   3.532972e+04   0.000000e+00    261s
  232836    2.1100857e-03   1.450436e+04   0.000000e+00    266s
  234631    2.1145718e-03   1.069824e+04   0.000000e+00    270s
  236067    2.1162312e-03   1.529507e+04   0.000000e+00    276s
  237503    2.1417559e-03   1.646256e+04   0.000000e+00    282s
  238580    2.1489092e-03   1.001441e+05   0.000000e+00    286s
  240016    2.1900796e-03   8.752575e+03   0.000000e+00    291s
  241452    2.2106814e-03   8.628114e+04   0.000000e+00    296s
  242888    2.2297094e-03   1.809716e+04   0.000000e+00    301s
  244324    2.2415993e-03   3.439568e+04   0.000000e+00    306s
  245401    2.2485795e-03   2.451716e+04   0.000000e+00    310s
  246837    2.2641374e-03   9.471431e+04   0.000000e+00    316s
  247914    2.2701416e-03   3.541940e+04   0.000000e+00    320s
  248991    2.2768258e-03   1.375809e+05   0.000000e+00    325s
  250068    2.2856216e-03   5.450796e+04   0.000000e+00    330s
  251504    2.2953529e-03   1.233533e+04   0.000000e+00    336s
  253299    2.3245157e-03   1.854430e+04   0.000000e+00    340s
  254376    2.3300462e-03   3.966949e+05   0.000000e+00    346s
  255453    2.3360901e-03   7.745682e+04   0.000000e+00    351s
  256889    2.3491088e-03   2.339347e+04   0.000000e+00    355s
  258325    2.3592533e-03   5.523525e+04   0.000000e+00    361s
  259761    2.3850478e-03   2.551317e+04   0.000000e+00    366s
  261556    2.4157808e-03   2.668891e+04   0.000000e+00    372s
  262274    2.4216098e-03   1.755051e+05   0.000000e+00    375s
  263710    2.4317697e-03   4.122307e+04   0.000000e+00    382s
  264787    2.4431035e-03   1.276710e+05   0.000000e+00    386s
  265864    2.4523164e-03   1.075183e+05   0.000000e+00    390s
  266941    2.4598786e-03   2.035050e+04   0.000000e+00    395s
  269095    2.5054500e-03   3.150691e+04   0.000000e+00    400s
  270531    2.5347457e-03   1.553243e+04   0.000000e+00    405s
  271967    2.5614836e-03   1.407953e+04   0.000000e+00    410s
  273403    2.5719292e-03   2.432293e+05   0.000000e+00    415s
  274839    2.5819585e-03   2.339334e+04   0.000000e+00    420s
  277352    2.6442395e-03   4.615527e+04   0.000000e+00    426s
  278429    2.6488141e-03   1.030392e+05   0.000000e+00    431s
  279865    2.6569479e-03   5.632583e+05   0.000000e+00    437s
  280583    2.6600776e-03   1.926731e+04   0.000000e+00    440s
  282019    2.6654093e-03   4.080750e+04   0.000000e+00    446s
  283096    2.6715459e-03   6.396466e+04   0.000000e+00    451s
  284173    2.6782216e-03   1.235718e+05   0.000000e+00    456s
  285250    2.6819636e-03   3.008814e+04   0.000000e+00    461s
  286686    2.6890428e-03   2.358963e+04   0.000000e+00    467s
  287404    2.6920674e-03   5.976639e+04   0.000000e+00    470s
  288481    2.6962106e-03   3.065003e+04   0.000000e+00    476s
  289558    2.7005231e-03   4.659045e+04   0.000000e+00    480s
  290635    2.7067669e-03   5.210484e+04   0.000000e+00    485s
  292071    2.7164645e-03   2.935369e+04   0.000000e+00    492s
  293148    2.7202621e-03   3.161212e+04   0.000000e+00    497s
  294225    2.7278462e-03   3.672224e+04   0.000000e+00    502s
  294943    2.7317282e-03   1.767986e+04   0.000000e+00    505s
  296020    2.7357282e-03   5.099045e+05   0.000000e+00    510s
  297456    2.7406087e-03   1.497772e+05   0.000000e+00    517s
  298533    2.7507944e-03   2.019178e+05   0.000000e+00    520s
  299610    2.7588836e-03   1.368840e+05   0.000000e+00    525s
  300687    2.7629783e-03   1.695765e+04   0.000000e+00    531s
  301764    2.7678484e-03   4.422431e+04   0.000000e+00    536s
  302841    2.7748765e-03   1.041423e+05   0.000000e+00    540s
  304636    2.8093057e-03   2.403907e+05   0.000000e+00    545s
  306072    2.8184073e-03   1.952866e+05   0.000000e+00    550s
  307867    2.8292145e-03   1.177343e+05   0.000000e+00    556s
  308944    2.8359595e-03   5.390536e+04   0.000000e+00    560s
  311457    2.8728293e-03   5.401977e+05   0.000000e+00    566s
  313252    2.9111799e-03   1.880040e+04   0.000000e+00    570s
  314688    2.9277989e-03   1.349249e+04   0.000000e+00    575s
  316124    2.9360084e-03   1.046455e+04   0.000000e+00    581s
  318278    2.9674170e-03   1.431795e+04   0.000000e+00    585s
  320073    2.9950707e-03   9.365517e+04   0.000000e+00    590s
  321509    3.0031368e-03   2.068815e+04   0.000000e+00    596s
  323304    3.0331743e-03   8.682841e+04   0.000000e+00    601s
  324381    3.0368086e-03   2.022747e+05   0.000000e+00    606s
  325817    3.0420703e-03   2.794210e+04   0.000000e+00    611s
  326894    3.0451484e-03   2.787449e+04   0.000000e+00    616s
  327971    3.0515734e-03   1.866198e+04   0.000000e+00    620s
  329766    3.0712516e-03   8.506991e+04   0.000000e+00    627s
  330484    3.0735541e-03   2.041044e+04   0.000000e+00    630s
  331920    3.0798371e-03   1.683990e+05   0.000000e+00    635s
  333356    3.0936721e-03   9.814657e+03   0.000000e+00    640s
  334792    3.0989993e-03   1.234741e+05   0.000000e+00    647s
  335510    3.1007325e-03   4.957519e+05   0.000000e+00    651s
  336587    3.1033607e-03   1.267785e+04   0.000000e+00    657s
  337664    3.1105063e-03   5.466529e+04   0.000000e+00    661s
  338741    3.1137127e-03   2.542897e+04   0.000000e+00    665s
  339818    3.1177594e-03   2.930297e+04   0.000000e+00    670s
  342331    3.1571088e-03   7.374929e+04   0.000000e+00    676s
  343408    3.1598993e-03   2.346339e+04   0.000000e+00    681s
  344485    3.1630946e-03   1.037279e+04   0.000000e+00    687s
  345562    3.1675760e-03   5.228181e+04   0.000000e+00    692s
  346639    3.1721584e-03   2.010534e+04   0.000000e+00    696s
  347716    3.1752533e-03   1.022166e+05   0.000000e+00    701s
  348793    3.1782742e-03   2.431921e+05   0.000000e+00    706s
  349870    3.1832815e-03   2.680538e+04   0.000000e+00    711s
  351306    3.1949881e-03   9.363160e+03   0.000000e+00    717s
  352024    3.1967936e-03   1.530830e+04   0.000000e+00    720s
  353460    3.2002247e-03   2.102087e+04   0.000000e+00    726s
  354537    3.2025581e-03   4.735762e+04   0.000000e+00    732s
  355255    3.2043370e-03   1.189337e+04   0.000000e+00    735s
  356691    3.2088754e-03   8.357292e+03   0.000000e+00    742s
  357409    3.2106414e-03   4.289751e+03   0.000000e+00    746s
  358486    3.2129802e-03   7.804064e+03   0.000000e+00    751s
  359563    3.2153221e-03   4.058628e+03   0.000000e+00    756s
  360281    3.2167480e-03   2.108035e+04   0.000000e+00    760s
  361717    3.2241277e-03   2.072638e+04   0.000000e+00    766s
  362794    3.2258474e-03   5.275721e+04   0.000000e+00    771s
  363871    3.2517491e-03   1.013625e+04   0.000000e+00    775s
  364948    3.2554013e-03   2.770103e+05   0.000000e+00    780s
  366025    3.2576394e-03   8.627791e+03   0.000000e+00    786s
  367102    3.2603155e-03   3.342586e+04   0.000000e+00    790s
  368179    3.2633053e-03   4.152970e+04   0.000000e+00    796s
  369256    3.2694630e-03   1.293336e+05   0.000000e+00    800s
  370692    3.2749591e-03   4.143089e+04   0.000000e+00    806s
  371410    3.2775123e-03   9.624262e+03   0.000000e+00    810s
  372487    3.2805803e-03   7.714477e+03   0.000000e+00    816s
  373564    3.2892278e-03   1.709614e+04   0.000000e+00    821s
  375000    3.2978988e-03   1.256620e+04   0.000000e+00    827s
  375718    3.2996815e-03   7.907327e+04   0.000000e+00    831s
  376795    3.3025513e-03   1.113690e+04   0.000000e+00    836s
  377872    3.3084924e-03   1.460877e+04   0.000000e+00    841s
  378949    3.3112187e-03   6.638568e+03   0.000000e+00    846s
  380026    3.3136851e-03   2.823424e+04   0.000000e+00    851s
  380744    3.3150327e-03   1.341913e+04   0.000000e+00    856s
  381462    3.3165141e-03   1.013254e+04   0.000000e+00    860s
  382539    3.3267101e-03   9.165856e+03   0.000000e+00    865s
  383616    3.3291799e-03   1.675858e+04   0.000000e+00    872s
  384334    3.3311561e-03   1.060110e+04   0.000000e+00    876s
  385052    3.3326837e-03   8.257237e+04   0.000000e+00    881s
  386129    3.3346016e-03   4.407319e+04   0.000000e+00    887s
  386847    3.3359297e-03   6.231179e+04   0.000000e+00    891s
  387565    3.3376783e-03   7.165908e+03   0.000000e+00    896s
  388642    3.3395141e-03   4.737128e+03   0.000000e+00    901s
  389360    3.3407756e-03   1.741407e+04   0.000000e+00    905s
  390437    3.3429967e-03   1.963110e+04   0.000000e+00    911s
  391155    3.3492462e-03   2.236878e+04   0.000000e+00    916s
  392232    3.3515471e-03   2.182953e+04   0.000000e+00    922s
  392950    3.3529526e-03   2.282510e+04   0.000000e+00    926s
  393668    3.3542507e-03   4.794206e+03   0.000000e+00    930s
  394745    3.3571805e-03   1.509542e+04   0.000000e+00    936s
  395822    3.3701131e-03   4.824127e+04   0.000000e+00    942s
  396540    3.3714422e-03   3.043765e+04   0.000000e+00    946s
  397617    3.3737333e-03   1.753912e+04   0.000000e+00    952s
  398335    3.3750506e-03   1.072264e+04   0.000000e+00    956s
  399053    3.3760228e-03   9.119127e+03   0.000000e+00    960s
  400489    3.3850987e-03   1.158390e+04   0.000000e+00    966s
  401207    3.3863722e-03   1.802346e+04   0.000000e+00    970s
  402284    3.3881159e-03   3.776060e+05   0.000000e+00    976s
  403361    3.3914664e-03   8.850705e+03   0.000000e+00    982s
  404079    3.3930144e-03   1.710593e+04   0.000000e+00    987s
  404797    3.3941382e-03   1.824040e+04   0.000000e+00    991s
  405515    3.3951308e-03   1.752398e+04   0.000000e+00    996s
  406233    3.3964530e-03   5.085416e+04   0.000000e+00   1001s
  406951    3.3976420e-03   7.067750e+03   0.000000e+00   1005s
  408028    3.3995280e-03   2.509119e+04   0.000000e+00   1011s
  408746    3.4007986e-03   2.176978e+04   0.000000e+00   1015s
  409823    3.4025833e-03   3.931363e+04   0.000000e+00   1021s
  410900    3.4329191e-03   3.751829e+03   0.000000e+00   1025s
  412336    3.4805495e-03   1.055859e+04   0.000000e+00   1030s
  414131    3.5149401e-03   1.879304e+04   0.000000e+00   1037s
  414849    3.5215510e-03   8.816406e+03   0.000000e+00   1041s
  415926    3.5471429e-03   7.904167e+03   0.000000e+00   1045s
  417003    3.5649822e-03   1.654453e+04   0.000000e+00   1051s
  418439    3.6065854e-03   2.233220e+04   0.000000e+00   1056s
  419516    3.6184210e-03   7.870659e+04   0.000000e+00   1061s
  420593    3.6332453e-03   6.080095e+03   0.000000e+00   1067s
  421311    3.6389726e-03   1.006003e+04   0.000000e+00   1071s
  422388    3.6466790e-03   1.305884e+04   0.000000e+00   1077s
  423106    3.6510464e-03   3.007451e+04   0.000000e+00   1082s
  423824    3.6635830e-03   5.910581e+03   0.000000e+00   1085s
  424901    3.6728820e-03   6.878856e+04   0.000000e+00   1092s
  425619    3.6802733e-03   2.515047e+04   0.000000e+00   1097s
  426696    3.6954547e-03   7.564166e+03   0.000000e+00   1102s
  427414    3.7085449e-03   1.654984e+04   0.000000e+00   1106s
  428132    3.7176250e-03   2.770536e+04   0.000000e+00   1110s
  429209    3.7387300e-03   3.786181e+04   0.000000e+00   1117s
  429927    3.7458106e-03   1.942834e+04   0.000000e+00   1121s
  430645    3.7546665e-03   1.479558e+04   0.000000e+00   1125s
  431722    3.7615823e-03   1.160169e+04   0.000000e+00   1131s
  432440    3.7673514e-03   4.890201e+03   0.000000e+00   1136s
  433158    3.7722542e-03   5.535872e+03   0.000000e+00   1140s
  433876    3.7758942e-03   1.470685e+04   0.000000e+00   1146s
  434594    3.7809776e-03   2.249793e+03   0.000000e+00   1151s
  435312    3.7840337e-03   5.650931e+03   0.000000e+00   1156s
  436030    3.7873654e-03   8.827066e+03   0.000000e+00   1161s
  436748    3.7920994e-03   4.012184e+03   0.000000e+00   1166s
  437466    3.7954537e-03   1.522883e+04   0.000000e+00   1171s
  438184    3.8031771e-03   6.418330e+03   0.000000e+00   1177s
  438902    3.8089454e-03   8.233599e+03   0.000000e+00   1181s
  439620    3.8127633e-03   1.226958e+04   0.000000e+00   1186s
  440338    3.8177811e-03   7.366797e+03   0.000000e+00   1191s
  441415    3.8349862e-03   1.876062e+04   0.000000e+00   1196s
  442492    3.8626556e-03   1.140446e+05   0.000000e+00   1201s
  443569    3.8806941e-03   7.940605e+04   0.000000e+00   1205s
  444646    3.8874031e-03   1.009523e+04   0.000000e+00   1212s
  445364    3.8941578e-03   1.453870e+04   0.000000e+00   1216s
  446082    3.8972247e-03   4.282435e+03   0.000000e+00   1220s
  447159    3.9034359e-03   3.972307e+04   0.000000e+00   1227s
  447877    3.9074868e-03   1.717643e+04   0.000000e+00   1231s
  448595    3.9109378e-03   1.256541e+04   0.000000e+00   1236s
  449313    3.9154759e-03   3.290293e+04   0.000000e+00   1241s
  450390    3.9355571e-03   2.206423e+04   0.000000e+00   1246s
  451467    3.9596653e-03   1.515402e+04   0.000000e+00   1250s
  453262    4.0178884e-03   3.508740e+04   0.000000e+00   1256s
  454339    4.0309026e-03   9.415740e+03   0.000000e+00   1261s
  455775    4.0663712e-03   4.034612e+04   0.000000e+00   1267s
  456493    4.0731831e-03   1.401683e+04   0.000000e+00   1270s
  457570    4.0818913e-03   1.402645e+04   0.000000e+00   1276s
  458288    4.0865912e-03   6.278849e+03   0.000000e+00   1280s
  459365    4.0940964e-03   1.849894e+04   0.000000e+00   1287s
  460083    4.0990688e-03   8.555098e+03   0.000000e+00   1291s
  460801    4.1038060e-03   1.011749e+04   0.000000e+00   1296s
  461878    4.1098104e-03   2.282635e+04   0.000000e+00   1302s
  462596    4.1126063e-03   9.893587e+03   0.000000e+00   1308s
  462955    4.1159061e-03   4.206314e+04   0.000000e+00   1310s
  463673    4.1192115e-03   8.117510e+03   0.000000e+00   1315s
  464391    4.1232943e-03   1.120655e+04   0.000000e+00   1320s
  465109    4.1282911e-03   1.789253e+04   0.000000e+00   1325s
  465827    4.1325517e-03   5.514752e+03   0.000000e+00   1330s
  466545    4.1373731e-03   3.997985e+04   0.000000e+00   1336s
  467263    4.1407867e-03   4.775354e+04   0.000000e+00   1342s
  467981    4.1439868e-03   1.066101e+04   0.000000e+00   1347s
  468699    4.1500290e-03   9.967257e+03   0.000000e+00   1352s
  469417    4.1679869e-03   9.170407e+03   0.000000e+00   1356s
  470135    4.1708959e-03   3.247371e+04   0.000000e+00   1362s
  470853    4.1753479e-03   7.857673e+03   0.000000e+00   1366s
  471571    4.1781974e-03   6.938719e+03   0.000000e+00   1372s
  472289    4.1814846e-03   1.086581e+04   0.000000e+00   1377s
  473007    4.1847832e-03   4.548417e+03   0.000000e+00   1382s
  473725    4.1876139e-03   4.504055e+04   0.000000e+00   1387s
  474443    4.1906367e-03   5.851149e+03   0.000000e+00   1393s
  474802    4.1925695e-03   8.436704e+03   0.000000e+00   1395s
  475520    4.1949922e-03   1.414688e+04   0.000000e+00   1401s
  476238    4.1978094e-03   3.098681e+03   0.000000e+00   1407s
  476956    4.2003545e-03   7.302805e+03   0.000000e+00   1412s
  477315    4.2012608e-03   1.220568e+04   0.000000e+00   1415s
  478033    4.2034070e-03   4.956408e+03   0.000000e+00   1421s
  478751    4.2067087e-03   3.829797e+03   0.000000e+00   1426s
  479469    4.2095550e-03   1.886362e+04   0.000000e+00   1432s
  479828    4.2104632e-03   2.672551e+03   0.000000e+00   1436s
  480546    4.2123830e-03   1.089879e+04   0.000000e+00   1442s
  481264    4.2145230e-03   1.162593e+04   0.000000e+00   1448s
  481623    4.2155893e-03   2.227561e+03   0.000000e+00   1451s
  482341    4.2180273e-03   6.075379e+03   0.000000e+00   1456s
  483059    4.2199410e-03   2.150294e+03   0.000000e+00   1462s
  483418    4.2208871e-03   8.233082e+03   0.000000e+00   1465s
  484136    4.2229183e-03   4.731841e+03   0.000000e+00   1471s
  484854    4.2249355e-03   7.829442e+03   0.000000e+00   1478s
  485213    4.2260152e-03   1.135080e+04   0.000000e+00   1481s
  485931    4.2279964e-03   5.448530e+03   0.000000e+00   1487s
  486649    4.2302540e-03   1.043634e+04   0.000000e+00   1493s
  487008    4.2325729e-03   8.870205e+03   0.000000e+00   1495s
  487726    4.2360059e-03   1.409864e+04   0.000000e+00   1501s
  488444    4.2379616e-03   2.740625e+03   0.000000e+00   1508s
  488803    4.2390963e-03   3.060244e+03   0.000000e+00   1511s
  489521    4.2410619e-03   5.516915e+03   0.000000e+00   1517s
  490239    4.2429723e-03   2.376897e+03   0.000000e+00   1523s
  490598    4.2442969e-03   8.371927e+03   0.000000e+00   1525s
  491316    4.2468095e-03   9.453417e+03   0.000000e+00   1531s
  492034    4.2489047e-03   1.164447e+05   0.000000e+00   1537s
  492752    4.2518098e-03   5.117577e+03   0.000000e+00   1542s
  493470    4.2543947e-03   5.662688e+03   0.000000e+00   1548s
  493829    4.2553427e-03   3.256168e+03   0.000000e+00   1551s
  494547    4.2571973e-03   2.428929e+03   0.000000e+00   1557s
  495265    4.2594789e-03   6.765576e+03   0.000000e+00   1562s
  495624    4.2605627e-03   4.412279e+03   0.000000e+00   1565s
  496342    4.2625915e-03   6.999952e+03   0.000000e+00   1571s
  497060    4.2646849e-03   7.635020e+03   0.000000e+00   1577s
  497778    4.2666988e-03   3.645696e+03   0.000000e+00   1583s
  498137    4.2680069e-03   5.904715e+03   0.000000e+00   1586s
  498855    4.2701548e-03   3.054873e+03   0.000000e+00   1592s
  499573    4.2724546e-03   3.660692e+03   0.000000e+00   1597s
  499932    4.2739070e-03   4.842269e+03   0.000000e+00   1600s
  500650    4.2769794e-03   4.216557e+04   0.000000e+00   1605s
  501368    4.2791075e-03   4.246597e+04   0.000000e+00   1611s
  502086    4.2809913e-03   3.114080e+03   0.000000e+00   1617s
  502804    4.2828345e-03   3.796603e+03   0.000000e+00   1622s
  503163    4.2837373e-03   6.968076e+03   0.000000e+00   1625s
  503881    4.2856263e-03   5.541520e+03   0.000000e+00   1632s
  504599    4.2878179e-03   6.365375e+03   0.000000e+00   1638s
  504958    4.3012529e-03   5.486811e+03   0.000000e+00   1641s
  505676    4.3033743e-03   5.918646e+03   0.000000e+00   1646s
  506394    4.3054636e-03   1.695844e+04   0.000000e+00   1653s
  506753    4.3069230e-03   1.832041e+04   0.000000e+00   1656s
  507471    4.3087540e-03   1.576909e+03   0.000000e+00   1662s
  508189    4.3104795e-03   2.742809e+03   0.000000e+00   1668s
  508548    4.3114676e-03   1.529568e+03   0.000000e+00   1671s
  509266    4.3198046e-03   7.847947e+03   0.000000e+00   1677s
  509984    4.3217418e-03   9.718456e+03   0.000000e+00   1683s
  510343    4.3225198e-03   3.918882e+04   0.000000e+00   1686s
  511061    4.3243101e-03   5.595689e+03   0.000000e+00   1692s
  511779    4.3262349e-03   6.927206e+04   0.000000e+00   1697s
  512497    4.3281123e-03   2.705616e+03   0.000000e+00   1703s
  512856    4.3290174e-03   7.445426e+03   0.000000e+00   1706s
  513574    4.3312756e-03   3.368052e+03   0.000000e+00   1711s
  514292    4.3329862e-03   4.707103e+03   0.000000e+00   1717s
  514651    4.3337556e-03   3.244697e+03   0.000000e+00   1720s
  515369    4.3379199e-03   2.605709e+03   0.000000e+00   1726s
  516087    4.3405099e-03   3.340051e+03   0.000000e+00   1733s
  516446    4.3415678e-03   4.184676e+03   0.000000e+00   1736s
  517164    4.3436029e-03   6.410237e+03   0.000000e+00   1742s
  517882    4.3451973e-03   1.158974e+03   0.000000e+00   1748s
  518241    4.3461302e-03   2.019115e+03   0.000000e+00   1751s
  518959    4.3477729e-03   1.656046e+03   0.000000e+00   1758s
  519318    4.3493827e-03   2.358387e+03   0.000000e+00   1761s
  520036    4.3510308e-03   3.912595e+03   0.000000e+00   1767s
  520395    4.3518452e-03   2.441387e+03   0.000000e+00   1771s
  521113    4.3535949e-03   2.327221e+03   0.000000e+00   1777s
  521472    4.3544150e-03   8.845734e+03   0.000000e+00   1780s
  522190    4.3558757e-03   2.325477e+03   0.000000e+00   1787s
  522549    4.3566640e-03   8.427537e+03   0.000000e+00   1790s
  523267    4.3580297e-03   2.745210e+03   0.000000e+00   1797s
  523626    4.3588403e-03   6.973941e+03   0.000000e+00   1800s
  524344    4.3602940e-03   2.140222e+03   0.000000e+00   1807s
  525062    4.3617353e-03   2.305469e+03   0.000000e+00   1813s
  525421    4.3624482e-03   1.668217e+03   0.000000e+00   1817s
  525780    4.3632264e-03   4.141129e+03   0.000000e+00   1820s
  526498    4.3648872e-03   1.769307e+03   0.000000e+00   1827s
  527216    4.3664396e-03   1.827602e+03   0.000000e+00   1833s
  527575    4.3674389e-03   1.700549e+03   0.000000e+00   1837s
  528293    4.3689446e-03   4.047533e+03   0.000000e+00   1843s
  528652    4.3697916e-03   2.772829e+03   0.000000e+00   1847s
  529370    4.3714210e-03   3.603183e+03   0.000000e+00   1853s
  529729    4.3722101e-03   2.937633e+03   0.000000e+00   1856s
  530447    4.3736011e-03   1.271744e+03   0.000000e+00   1863s
  530806    4.3745702e-03   4.748300e+03   0.000000e+00   1866s
  531524    4.3760958e-03   1.964103e+03   0.000000e+00   1873s
  531883    4.3768239e-03   1.243050e+03   0.000000e+00   1876s
  532601    4.3785635e-03   4.653338e+03   0.000000e+00   1883s
  532960    4.3793200e-03   2.559887e+03   0.000000e+00   1886s
  533678    4.3838136e-03   1.571644e+03   0.000000e+00   1892s
  534396    4.3852959e-03   3.727379e+03   0.000000e+00   1898s
  534755    4.3860914e-03   6.642950e+03   0.000000e+00   1901s
  535473    4.3876382e-03   3.184072e+03   0.000000e+00   1908s
  535832    4.3885231e-03   1.559306e+03   0.000000e+00   1911s
  536550    4.3898861e-03   6.284739e+03   0.000000e+00   1918s
  536909    4.3905441e-03   1.792458e+03   0.000000e+00   1921s
  537627    4.3918244e-03   2.725315e+03   0.000000e+00   1928s
  537986    4.3925377e-03   7.154531e+03   0.000000e+00   1931s
  538704    4.3939883e-03   5.227524e+03   0.000000e+00   1938s
  539063    4.3947191e-03   2.191395e+03   0.000000e+00   1941s
  539781    4.3960261e-03   1.561435e+03   0.000000e+00   1947s
  540140    4.3968245e-03   3.801202e+03   0.000000e+00   1951s
  540858    4.3981529e-03   1.148538e+03   0.000000e+00   1958s
  541217    4.3988398e-03   1.833945e+04   0.000000e+00   1961s
  541935    4.4001142e-03   2.578554e+03   0.000000e+00   1968s
  542294    4.4007973e-03   3.083924e+03   0.000000e+00   1971s
  543012    4.4020832e-03   2.447338e+03   0.000000e+00   1977s
  543371    4.4028520e-03   3.598452e+03   0.000000e+00   1981s
  544089    4.4042426e-03   2.241138e+03   0.000000e+00   1987s
  544448    4.4048592e-03   3.141862e+03   0.000000e+00   1991s
  545166    4.4061827e-03   2.701288e+03   0.000000e+00   1997s
  545525    4.4069251e-03   2.868116e+03   0.000000e+00   2000s
  546243    4.4085700e-03   6.854485e+03   0.000000e+00   2007s
  546602    4.4092835e-03   1.866641e+03   0.000000e+00   2010s
  547320    4.4107402e-03   3.909570e+03   0.000000e+00   2017s
  547679    4.4114573e-03   1.286194e+03   0.000000e+00   2020s
  548397    4.4202871e-03   6.722466e+03   0.000000e+00   2027s
  549115    4.4217113e-03   1.750683e+03   0.000000e+00   2033s
  549474    4.4223951e-03   3.485487e+03   0.000000e+00   2036s
  550192    4.4240030e-03   1.314402e+03   0.000000e+00   2043s
  550551    4.4247294e-03   4.785894e+03   0.000000e+00   2046s
  551269    4.4261720e-03   3.535241e+03   0.000000e+00   2053s
  551628    4.4268906e-03   1.949853e+03   0.000000e+00   2056s
  552346    4.4283659e-03   2.881398e+03   0.000000e+00   2062s
  552705    4.4291170e-03   9.292922e+03   0.000000e+00   2065s
  553423    4.4307165e-03   2.435342e+03   0.000000e+00   2072s
  554141    4.4324228e-03   2.513546e+03   0.000000e+00   2078s
  554500    4.4334101e-03   4.562489e+03   0.000000e+00   2081s
  555218    4.4348738e-03   3.047863e+03   0.000000e+00   2087s
  555577    4.4357811e-03   1.360180e+03   0.000000e+00   2090s
  556295    4.4373906e-03   3.461619e+03   0.000000e+00   2097s
  556654    4.4381584e-03   1.814386e+03   0.000000e+00   2100s
  557372    4.4394743e-03   1.582048e+03   0.000000e+00   2107s
  558090    4.4408246e-03   2.050944e+03   0.000000e+00   2113s
  558449    4.4416275e-03   2.729904e+04   0.000000e+00   2116s
  559167    4.4431597e-03   1.485662e+04   0.000000e+00   2123s
  559526    4.4438475e-03   7.463355e+03   0.000000e+00   2126s
  560244    4.4451943e-03   5.666142e+03   0.000000e+00   2132s
  560603    4.4458868e-03   4.410278e+04   0.000000e+00   2135s
  561321    4.4471880e-03   1.476389e+03   0.000000e+00   2142s
  562039    4.4483821e-03   2.581359e+03   0.000000e+00   2148s
  562398    4.4491269e-03   3.775389e+03   0.000000e+00   2151s
  563116    4.4505565e-03   1.643293e+03   0.000000e+00   2158s
  563475    4.4512132e-03   7.028217e+03   0.000000e+00   2161s
  564193    4.4525227e-03   3.543411e+03   0.000000e+00   2168s
  564552    4.4531499e-03   1.563352e+03   0.000000e+00   2171s
  565270    4.4545048e-03   2.119417e+03   0.000000e+00   2178s
  565629    4.4551175e-03   6.734382e+03   0.000000e+00   2181s
  566347    4.4563646e-03   1.072482e+04   0.000000e+00   2188s
  566706    4.4568924e-03   2.774970e+03   0.000000e+00   2191s
  567424    4.4581186e-03   9.950625e+02   0.000000e+00   2197s
  567783    4.4587428e-03   1.164214e+03   0.000000e+00   2201s
  568501    4.4600975e-03   9.111601e+02   0.000000e+00   2207s
  568860    4.4607959e-03   3.752166e+03   0.000000e+00   2211s
  569578    4.4621879e-03   1.883925e+03   0.000000e+00   2218s
  569937    4.4629705e-03   1.161649e+03   0.000000e+00   2221s
  570655    4.4644602e-03   1.475348e+03   0.000000e+00   2227s
  571014    4.4651087e-03   8.759808e+03   0.000000e+00   2230s
  571732    4.4664144e-03   5.367368e+03   0.000000e+00   2237s
  572450    4.4676678e-03   4.172072e+03   0.000000e+00   2243s
  572809    4.4682146e-03   1.652365e+03   0.000000e+00   2247s
  573527    4.4700324e-03   3.004859e+03   0.000000e+00   2253s
  573886    4.4708029e-03   7.904128e+03   0.000000e+00   2256s
  574604    4.4722903e-03   4.136486e+03   0.000000e+00   2263s
  574963    4.4733934e-03   1.684834e+03   0.000000e+00   2266s
  575681    4.4745853e-03   5.675059e+03   0.000000e+00   2273s
  576040    4.4754207e-03   2.529454e+03   0.000000e+00   2276s
  576758    4.4767884e-03   1.580773e+03   0.000000e+00   2282s
  577117    4.4775316e-03   2.103001e+04   0.000000e+00   2285s
  577835    4.4789444e-03   2.406096e+03   0.000000e+00   2292s
  578194    4.4795637e-03   4.603969e+03   0.000000e+00   2295s
  578912    4.4809000e-03   3.855662e+03   0.000000e+00   2302s
  579271    4.4815775e-03   3.839268e+03   0.000000e+00   2305s
  579989    4.4830374e-03   1.046403e+04   0.000000e+00   2312s
  580348    4.4837270e-03   1.378328e+03   0.000000e+00   2315s
  581066    4.4851307e-03   5.725454e+03   0.000000e+00   2322s
  581784    4.4865341e-03   3.792248e+03   0.000000e+00   2328s
  582143    4.4871552e-03   1.245163e+03   0.000000e+00   2331s
  582861    4.4885193e-03   1.206257e+03   0.000000e+00   2338s
  583220    4.4891726e-03   3.305523e+04   0.000000e+00   2341s
  583938    4.4905436e-03   1.839448e+03   0.000000e+00   2348s
  584297    4.4913135e-03   1.226439e+03   0.000000e+00   2351s
  585015    4.5337654e-03   3.328100e+03   0.000000e+00   2356s
  585733    4.5512664e-03   2.730756e+03   0.000000e+00   2361s
  586451    4.5645064e-03   4.249413e+03   0.000000e+00   2367s
  587169    4.5746117e-03   5.829193e+03   0.000000e+00   2373s
  587528    4.5788193e-03   2.042179e+03   0.000000e+00   2375s
  588246    4.5866632e-03   9.647613e+03   0.000000e+00   2381s
  588964    4.5968492e-03   2.015521e+03   0.000000e+00   2387s
  589682    4.6067485e-03   4.127383e+03   0.000000e+00   2391s
  590400    4.6145203e-03   2.853413e+03   0.000000e+00   2397s
  591118    4.6215228e-03   2.407903e+03   0.000000e+00   2403s
  591477    4.6243130e-03   2.734067e+03   0.000000e+00   2406s
  592195    4.6316619e-03   2.014325e+03   0.000000e+00   2412s
  592913    4.6383573e-03   1.010791e+04   0.000000e+00   2417s
  593272    4.6427342e-03   1.608198e+04   0.000000e+00   2420s
  593990    4.6498060e-03   5.798348e+03   0.000000e+00   2426s
  594708    4.6553337e-03   4.143001e+03   0.000000e+00   2432s
  595426    4.6602854e-03   2.430790e+03   0.000000e+00   2438s
  595785    4.6627085e-03   1.344949e+03   0.000000e+00   2441s
  596503    4.6721629e-03   4.081564e+03   0.000000e+00   2447s
  597221    4.6785032e-03   2.161248e+03   0.000000e+00   2453s
  597580    4.6825981e-03   1.631153e+03   0.000000e+00   2455s
  598298    4.6890575e-03   2.909287e+03   0.000000e+00   2461s
  599016    4.6933484e-03   3.147235e+04   0.000000e+00   2468s
  599375    4.6956216e-03   3.170336e+03   0.000000e+00   2471s
  600093    4.7002911e-03   4.525736e+03   0.000000e+00   2477s
  600811    4.7040591e-03   6.688305e+03   0.000000e+00   2483s
  601170    4.7067201e-03   1.975898e+04   0.000000e+00   2485s
  601888    4.7166165e-03   9.575498e+03   0.000000e+00   2491s
  602606    4.7238152e-03   2.775218e+03   0.000000e+00   2496s
  603324    4.7284792e-03   2.244729e+04   0.000000e+00   2503s
  603683    4.7308815e-03   1.070023e+04   0.000000e+00   2506s
  604401    4.7356325e-03   8.088819e+03   0.000000e+00   2511s
  605119    4.7403719e-03   1.025469e+04   0.000000e+00   2518s
  605478    4.7419624e-03   2.324354e+03   0.000000e+00   2521s
  606196    4.7460355e-03   3.079998e+03   0.000000e+00   2527s
  606555    4.7480518e-03   7.246633e+03   0.000000e+00   2530s
  607273    4.7551718e-03   7.694759e+03   0.000000e+00   2536s
  607991    4.7588995e-03   1.942236e+03   0.000000e+00   2542s
  608350    4.7607569e-03   7.934875e+03   0.000000e+00   2546s
  609068    4.7654274e-03   1.537344e+03   0.000000e+00   2552s
  609786    4.7689667e-03   1.665376e+03   0.000000e+00   2558s
  610145    4.7709184e-03   1.080516e+04   0.000000e+00   2561s
  610863    4.7739970e-03   1.130219e+03   0.000000e+00   2568s
  611222    4.7760638e-03   2.137247e+03   0.000000e+00   2571s
  611940    4.7787784e-03   3.119489e+03   0.000000e+00   2578s
  612299    4.7802531e-03   1.887910e+03   0.000000e+00   2581s
  613017    4.7845073e-03   1.288668e+03   0.000000e+00   2587s
  613376    4.7863366e-03   1.468804e+03   0.000000e+00   2590s
  614094    4.7891291e-03   1.808314e+03   0.000000e+00   2597s
  614812    4.7922483e-03   1.220398e+03   0.000000e+00   2603s
  615171    4.7937004e-03   1.293328e+03   0.000000e+00   2607s
  615889    4.7963416e-03   2.706373e+03   0.000000e+00   2613s
  616248    4.7983227e-03   2.631594e+03   0.000000e+00   2616s
  616966    4.8009972e-03   9.186645e+02   0.000000e+00   2623s
  617325    4.8022140e-03   2.415681e+03   0.000000e+00   2627s
  618043    4.8048231e-03   3.475956e+03   0.000000e+00   2633s
  618402    4.8059823e-03   1.265117e+03   0.000000e+00   2637s
  618761    4.8070153e-03   9.770033e+02   0.000000e+00   2640s
  619479    4.8092886e-03   8.785774e+02   0.000000e+00   2647s
  619838    4.8103935e-03   1.148084e+04   0.000000e+00   2650s
  620556    4.8123445e-03   6.217574e+03   0.000000e+00   2657s
  620915    4.8135576e-03   9.351585e+02   0.000000e+00   2660s
  621633    4.8157637e-03   1.863795e+03   0.000000e+00   2667s
  621992    4.8170408e-03   4.481298e+03   0.000000e+00   2670s
  622710    4.8195170e-03   1.271500e+03   0.000000e+00   2677s
  623069    4.8205791e-03   8.634439e+03   0.000000e+00   2680s
  623787    4.8232174e-03   4.332902e+03   0.000000e+00   2687s
  624146    4.8244304e-03   1.196301e+03   0.000000e+00   2691s
  624864    4.8268476e-03   1.185002e+03   0.000000e+00   2698s
  625223    4.8281055e-03   5.174502e+03   0.000000e+00   2701s
  625941    4.8304097e-03   1.759595e+03   0.000000e+00   2708s
  626300    4.8315689e-03   7.223087e+03   0.000000e+00   2711s
  627018    4.8338978e-03   1.254692e+03   0.000000e+00   2718s
  627377    4.8350998e-03   4.196785e+02   0.000000e+00   2721s
  628095    4.8374436e-03   8.808155e+02   0.000000e+00   2728s
  628454    4.8388266e-03   1.493829e+03   0.000000e+00   2731s
  629172    4.8413708e-03   2.148598e+03   0.000000e+00   2738s
  629531    4.8427930e-03   3.161548e+03   0.000000e+00   2741s
  630249    4.8471483e-03   3.068937e+04   0.000000e+00   2748s
  630608    4.8481560e-03   7.113140e+02   0.000000e+00   2751s
  631326    4.8498638e-03   1.721821e+03   0.000000e+00   2758s
  631685    4.8509169e-03   1.741015e+03   0.000000e+00   2761s
  632403    4.8530790e-03   2.108923e+03   0.000000e+00   2768s
  632762    4.8540848e-03   2.434340e+03   0.000000e+00   2772s
  633480    4.8560616e-03   1.052451e+03   0.000000e+00   2778s
  633839    4.8586974e-03   2.692701e+03   0.000000e+00   2781s
  634557    4.8611732e-03   1.462775e+03   0.000000e+00   2788s
  634916    4.8621976e-03   1.814731e+03   0.000000e+00   2792s
  635275    4.8633764e-03   6.648939e+02   0.000000e+00   2795s
  635993    4.8655733e-03   4.123626e+03   0.000000e+00   2802s
  636352    4.8665548e-03   1.554252e+03   0.000000e+00   2805s
  637070    4.8683402e-03   2.033089e+03   0.000000e+00   2812s
  637429    4.8692158e-03   7.457455e+02   0.000000e+00   2816s
  638147    4.8710097e-03   4.377479e+02   0.000000e+00   2822s
  638506    4.8718724e-03   2.050272e+03   0.000000e+00   2826s
  639224    4.8737985e-03   6.014720e+02   0.000000e+00   2833s
  639583    4.8748210e-03   1.022176e+04   0.000000e+00   2836s
  640301    4.8771557e-03   1.036381e+03   0.000000e+00   2843s
  640660    4.8782342e-03   4.983861e+03   0.000000e+00   2847s
  641019    4.8791779e-03   2.144602e+03   0.000000e+00   2850s
  641737    4.8812273e-03   2.120127e+03   0.000000e+00   2857s
  642096    4.8821648e-03   1.114380e+03   0.000000e+00   2861s
  642814    4.8844264e-03   2.540379e+03   0.000000e+00   2867s
  643173    4.8854709e-03   8.244874e+02   0.000000e+00   2871s
  643891    4.8874177e-03   1.618013e+03   0.000000e+00   2878s
  644250    4.8884382e-03   1.614495e+03   0.000000e+00   2881s
  644968    4.8904649e-03   1.271881e+03   0.000000e+00   2888s
  645327    4.8913863e-03   8.256567e+02   0.000000e+00   2892s
  645686    4.8930821e-03   1.278647e+03   0.000000e+00   2895s
  646404    4.8948944e-03   1.259583e+03   0.000000e+00   2902s
  646763    4.8957834e-03   3.074105e+03   0.000000e+00   2906s
  647481    4.8976082e-03   2.125484e+03   0.000000e+00   2913s
  647840    4.8984861e-03   1.851599e+03   0.000000e+00   2916s
  648558    4.9003980e-03   6.364568e+02   0.000000e+00   2923s
  648917    4.9013572e-03   1.037466e+04   0.000000e+00   2927s
  649276    4.9022190e-03   4.971791e+03   0.000000e+00   2930s
  649994    4.9043583e-03   2.171380e+04   0.000000e+00   2937s
  650353    4.9055195e-03   1.276237e+03   0.000000e+00   2941s
  651071    4.9073672e-03   4.827991e+03   0.000000e+00   2948s
  651430    4.9083447e-03   1.094533e+03   0.000000e+00   2951s
  652148    4.9104093e-03   4.525506e+03   0.000000e+00   2958s
  652507    4.9113965e-03   6.663901e+02   0.000000e+00   2962s
  652866    4.9122067e-03   2.420948e+03   0.000000e+00   2965s
  653584    4.9137382e-03   6.082328e+03   0.000000e+00   2972s
  653943    4.9144926e-03   8.138168e+02   0.000000e+00   2976s
  654661    4.9162650e-03   1.404131e+03   0.000000e+00   2983s
  655020    4.9171554e-03   5.463288e+02   0.000000e+00   2986s
  655738    4.9189631e-03   7.897182e+02   0.000000e+00   2993s
  656097    4.9199108e-03   8.369925e+02   0.000000e+00   2997s
  656456    4.9208803e-03   2.951362e+03   0.000000e+00   3000s
  657174    4.9227565e-03   1.036027e+03   0.000000e+00   3007s
  657533    4.9239036e-03   7.390065e+02   0.000000e+00   3011s
  658251    4.9256685e-03   1.764780e+04   0.000000e+00   3018s
  658610    4.9266216e-03   1.122524e+03   0.000000e+00   3022s
  658969    4.9276044e-03   9.089515e+02   0.000000e+00   3025s
  659687    4.9293204e-03   1.150243e+04   0.000000e+00   3032s
  660046    4.9304762e-03   3.259403e+03   0.000000e+00   3036s
  660764    4.9321817e-03   5.820367e+02   0.000000e+00   3043s
  661123    4.9330190e-03   6.464850e+02   0.000000e+00   3046s
  661841    4.9347802e-03   2.214478e+03   0.000000e+00   3053s
  662200    4.9356156e-03   4.623781e+03   0.000000e+00   3057s
  662559    4.9363592e-03   9.700942e+02   0.000000e+00   3061s
  663277    4.9379130e-03   5.907621e+02   0.000000e+00   3068s
  663636    4.9387637e-03   2.631983e+03   0.000000e+00   3071s
  664354    4.9405138e-03   1.329443e+03   0.000000e+00   3079s
  664713    4.9412490e-03   3.483506e+03   0.000000e+00   3082s
  665072    4.9420345e-03   1.720871e+03   0.000000e+00   3086s
  665790    4.9436859e-03   8.083689e+03   0.000000e+00   3093s
  666149    4.9445023e-03   7.926333e+02   0.000000e+00   3097s
  666508    4.9452855e-03   1.230848e+03   0.000000e+00   3100s
  667226    4.9469599e-03   8.110658e+02   0.000000e+00   3107s
  667585    4.9477785e-03   2.933247e+03   0.000000e+00   3111s
  668303    4.9492937e-03   5.440872e+03   0.000000e+00   3118s
  668662    4.9500757e-03   1.153768e+03   0.000000e+00   3121s
  669380    4.9516807e-03   9.921766e+02   0.000000e+00   3128s
  669739    4.9524364e-03   1.279781e+03   0.000000e+00   3132s
  670098    4.9532570e-03   1.318791e+03   0.000000e+00   3135s
  670816    4.9547401e-03   6.889296e+02   0.000000e+00   3142s
  671175    4.9554068e-03   3.300707e+03   0.000000e+00   3146s
  671893    4.9572665e-03   6.183282e+02   0.000000e+00   3152s
  672252    4.9578296e-03   1.048228e+04   0.000000e+00   3156s
  672970    4.9592949e-03   1.123269e+03   0.000000e+00   3163s
  673329    4.9602099e-03   4.797748e+03   0.000000e+00   3166s
  674047    4.9619050e-03   2.677377e+03   0.000000e+00   3173s
  674406    4.9627991e-03   1.277455e+03   0.000000e+00   3177s
  674765    4.9637150e-03   1.358896e+04   0.000000e+00   3181s
  675483    4.9653276e-03   2.261051e+03   0.000000e+00   3188s
  675842    4.9660925e-03   1.708074e+03   0.000000e+00   3191s
  676560    4.9676355e-03   1.213762e+03   0.000000e+00   3198s
  676919    4.9683698e-03   3.239786e+03   0.000000e+00   3202s
  677278    4.9691886e-03   8.953570e+02   0.000000e+00   3205s
  677996    4.9707430e-03   3.468677e+03   0.000000e+00   3212s
  678355    4.9717556e-03   1.824316e+03   0.000000e+00   3216s
  679073    4.9732707e-03   4.445189e+02   0.000000e+00   3223s
  679432    4.9739223e-03   4.453086e+02   0.000000e+00   3226s
  680150    4.9754921e-03   1.188981e+03   0.000000e+00   3233s
  680509    4.9762606e-03   6.913543e+02   0.000000e+00   3237s
  680868    4.9769024e-03   1.560141e+03   0.000000e+00   3241s
  681586    4.9782189e-03   1.785662e+03   0.000000e+00   3248s
  681945    4.9789709e-03   5.324653e+02   0.000000e+00   3251s
  682663    4.9805763e-03   2.468407e+03   0.000000e+00   3258s
  683022    4.9812893e-03   9.056107e+02   0.000000e+00   3262s
  683381    4.9821428e-03   5.114082e+02   0.000000e+00   3265s
  684099    4.9835495e-03   7.357792e+02   0.000000e+00   3273s
  684458    4.9843460e-03   7.423682e+02   0.000000e+00   3276s
  685176    4.9856152e-03   6.712923e+02   0.000000e+00   3283s
  685535    4.9868052e-03   1.299782e+03   0.000000e+00   3287s
  685894    4.9875440e-03   7.401369e+02   0.000000e+00   3290s
  686612    4.9895212e-03   1.517689e+03   0.000000e+00   3297s
  686971    4.9901601e-03   9.219190e+03   0.000000e+00   3301s
  687689    4.9916884e-03   1.527249e+03   0.000000e+00   3308s
  688048    4.9924001e-03   1.372435e+03   0.000000e+00   3311s
  688407    4.9930615e-03   3.902888e+02   0.000000e+00   3315s
  689125    4.9943770e-03   4.901543e+03   0.000000e+00   3322s
  689484    4.9949928e-03   8.984362e+02   0.000000e+00   3326s
  690202    4.9964934e-03   3.602603e+03   0.000000e+00   3333s
  690561    4.9974686e-03   9.968149e+02   0.000000e+00   3337s
  690920    4.9980242e-03   5.436664e+03   0.000000e+00   3341s
  691638    4.9995217e-03   2.383466e+03   0.000000e+00   3348s
  691997    5.0002067e-03   1.238847e+03   0.000000e+00   3352s
  692356    5.0009592e-03   4.241675e+02   0.000000e+00   3355s
  693074    5.0024222e-03   5.854286e+02   0.000000e+00   3363s
  693433    5.0031035e-03   6.501713e+02   0.000000e+00   3366s
  694151    5.0043795e-03   9.668205e+02   0.000000e+00   3374s
  694510    5.0051432e-03   4.187361e+02   0.000000e+00   3377s
  694869    5.0058545e-03   6.974283e+03   0.000000e+00   3381s
  695587    5.0079900e-03   2.028836e+03   0.000000e+00   3388s
  695946    5.0085883e-03   1.683730e+03   0.000000e+00   3392s
  696305    5.0094760e-03   6.533762e+03   0.000000e+00   3395s
  697023    5.0115698e-03   1.840395e+03   0.000000e+00   3402s
  697382    5.0125920e-03   1.501015e+03   0.000000e+00   3406s
  698100    5.0143775e-03   2.054279e+03   0.000000e+00   3413s
  698459    5.0150636e-03   2.880242e+03   0.000000e+00   3417s
  698818    5.0157171e-03   6.602269e+02   0.000000e+00   3420s
  699536    5.0170076e-03   1.690566e+03   0.000000e+00   3428s
  699895    5.0176565e-03   1.870359e+03   0.000000e+00   3431s
  700254    5.0184005e-03   6.889049e+02   0.000000e+00   3435s
  700972    5.0200545e-03   9.124530e+02   0.000000e+00   3442s
  701331    5.0207449e-03   3.538929e+03   0.000000e+00   3446s
  702049    5.0222485e-03   8.162255e+02   0.000000e+00   3453s
  702408    5.0228743e-03   1.062925e+03   0.000000e+00   3457s
  702767    5.0234804e-03   6.924637e+02   0.000000e+00   3461s
  703485    5.0246740e-03   5.571545e+02   0.000000e+00   3468s
  703844    5.0252616e-03   1.278151e+03   0.000000e+00   3472s
  704203    5.0259194e-03   8.175304e+02   0.000000e+00   3475s
  704921    5.0272462e-03   2.348826e+02   0.000000e+00   3483s
  705280    5.0278563e-03   4.226666e+03   0.000000e+00   3486s
  705998    5.0290508e-03   1.119270e+03   0.000000e+00   3494s
  706357    5.0296742e-03   2.960042e+03   0.000000e+00   3497s
  706716    5.0303707e-03   6.131747e+02   0.000000e+00   3501s
  707434    5.0315022e-03   6.356055e+02   0.000000e+00   3508s
  707793    5.0321403e-03   6.114218e+02   0.000000e+00   3512s
  708152    5.0328685e-03   7.661540e+03   0.000000e+00   3515s
  708870    5.0343016e-03   3.975450e+02   0.000000e+00   3523s
  709229    5.0350299e-03   1.401069e+03   0.000000e+00   3526s
  709947    5.0364219e-03   5.760826e+03   0.000000e+00   3534s
  710306    5.0370900e-03   1.493183e+03   0.000000e+00   3537s
  710665    5.0377363e-03   1.089475e+03   0.000000e+00   3541s
  711383    5.0389373e-03   6.736274e+02   0.000000e+00   3548s
  711742    5.0396016e-03   1.546659e+03   0.000000e+00   3552s
  712101    5.0404120e-03   1.407860e+03   0.000000e+00   3555s
  712819    5.0417207e-03   2.760431e+03   0.000000e+00   3563s
  713178    5.0422711e-03   1.637895e+03   0.000000e+00   3566s
  713537    5.0428576e-03   3.983123e+02   0.000000e+00   3570s
  714255    5.0441341e-03   6.613406e+02   0.000000e+00   3577s
  714614    5.0448107e-03   9.712414e+02   0.000000e+00   3581s
  715332    5.0462632e-03   9.733719e+02   0.000000e+00   3588s
  715691    5.0469213e-03   7.529007e+03   0.000000e+00   3592s
  716050    5.0475758e-03   1.589955e+04   0.000000e+00   3596s
  716768    5.0488501e-03   4.544142e+02   0.000000e+00   3603s
  717127    5.0494354e-03   1.311683e+03   0.000000e+00   3607s
  717486    5.0501318e-03   2.107544e+03   0.000000e+00   3610s
  718204    5.0515412e-03   2.650840e+03   0.000000e+00   3617s
  718563    5.0521731e-03   6.644141e+02   0.000000e+00   3621s
  719281    5.0535922e-03   1.855673e+03   0.000000e+00   3628s
  719640    5.0543482e-03   1.143446e+03   0.000000e+00   3632s
  719999    5.0551063e-03   4.703026e+02   0.000000e+00   3636s
  720717    5.0566742e-03   1.025927e+03   0.000000e+00   3643s
  721076    5.0573717e-03   8.827749e+02   0.000000e+00   3647s
  721435    5.0580502e-03   1.140440e+03   0.000000e+00   3650s
  722153    5.0593917e-03   4.072457e+02   0.000000e+00   3658s
  722512    5.0600879e-03   2.966415e+02   0.000000e+00   3661s
  723230    5.0613433e-03   3.871445e+02   0.000000e+00   3668s
  723589    5.0619722e-03   3.729680e+02   0.000000e+00   3672s
  723948    5.0625352e-03   2.085283e+03   0.000000e+00   3676s
  724666    5.0638718e-03   3.738001e+02   0.000000e+00   3683s
  725025    5.0646354e-03   2.126263e+03   0.000000e+00   3687s
  725384    5.0654411e-03   4.914185e+02   0.000000e+00   3690s
  726102    5.0669579e-03   8.741772e+02   0.000000e+00   3698s
  726461    5.0675920e-03   3.383226e+02   0.000000e+00   3701s
  727179    5.0688461e-03   2.683274e+02   0.000000e+00   3708s
  727538    5.0693047e-03   2.058736e+04   0.000000e+00   3712s
  727897    5.0698355e-03   2.580098e+03   0.000000e+00   3716s
  728615    5.0710103e-03   5.295675e+02   0.000000e+00   3723s
  728974    5.0715905e-03   5.195914e+02   0.000000e+00   3727s
  729333    5.0721337e-03   3.441482e+02   0.000000e+00   3731s
  730051    5.0731213e-03   7.337203e+02   0.000000e+00   3738s
  730410    5.0736591e-03   3.276198e+02   0.000000e+00   3741s
  730769    5.0742335e-03   6.880181e+02   0.000000e+00   3745s
  731487    5.0754167e-03   9.306906e+02   0.000000e+00   3752s
  731846    5.0759984e-03   3.041136e+02   0.000000e+00   3756s
  732564    5.0770835e-03   7.679850e+02   0.000000e+00   3763s
  732923    5.0776502e-03   9.354260e+02   0.000000e+00   3767s
  733282    5.0782702e-03   3.903744e+02   0.000000e+00   3771s
  734000    5.0794327e-03   7.841581e+02   0.000000e+00   3778s
  734359    5.0799712e-03   2.472453e+02   0.000000e+00   3782s
  734718    5.0805440e-03   4.617513e+02   0.000000e+00   3786s
  735436    5.0816018e-03   3.049762e+02   0.000000e+00   3793s
  735795    5.0820819e-03   4.646846e+02   0.000000e+00   3797s
  736154    5.0826518e-03   1.815443e+03   0.000000e+00   3800s
  736872    5.0836693e-03   9.789386e+02   0.000000e+00   3808s
  737231    5.0843093e-03   6.527589e+02   0.000000e+00   3811s
  737590    5.0848964e-03   7.194623e+02   0.000000e+00   3815s
  738308    5.0859957e-03   8.179419e+02   0.000000e+00   3823s
  738667    5.0865884e-03   8.144841e+02   0.000000e+00   3826s
  739026    5.0871473e-03   4.043810e+02   0.000000e+00   3830s
  739744    5.0882752e-03   6.827920e+02   0.000000e+00   3837s
  740103    5.0888127e-03   9.340228e+02   0.000000e+00   3841s
  740821    5.0899026e-03   5.104099e+02   0.000000e+00   3849s
  741180    5.0903669e-03   8.840607e+02   0.000000e+00   3852s
  741539    5.0908574e-03   2.254112e+02   0.000000e+00   3856s
  742257    5.0923133e-03   1.090845e+03   0.000000e+00   3864s
  742616    5.0929857e-03   3.749305e+02   0.000000e+00   3867s
  742975    5.0935871e-03   1.122499e+03   0.000000e+00   3871s
  743693    5.0948025e-03   3.737665e+02   0.000000e+00   3878s
  744052    5.0954001e-03   1.251155e+03   0.000000e+00   3882s
  744411    5.0959053e-03   1.449244e+03   0.000000e+00   3886s
  745129    5.0968415e-03   3.510187e+02   0.000000e+00   3893s
  745488    5.0973857e-03   9.629196e+02   0.000000e+00   3897s
  745847    5.0978945e-03   9.353836e+02   0.000000e+00   3901s
  746565    5.0988029e-03   3.807600e+02   0.000000e+00   3908s
  746924    5.0992235e-03   1.008307e+03   0.000000e+00   3912s
  747283    5.0998273e-03   4.405342e+02   0.000000e+00   3916s
  748001    5.1008398e-03   1.030521e+03   0.000000e+00   3923s
  748360    5.1014010e-03   6.179116e+02   0.000000e+00   3927s
  748719    5.1019930e-03   5.102973e+02   0.000000e+00   3930s
  749437    5.1031154e-03   4.569085e+02   0.000000e+00   3938s
  749796    5.1037424e-03   7.738405e+02   0.000000e+00   3942s
  750155    5.1043962e-03   7.428506e+02   0.000000e+00   3945s
  750873    5.1055873e-03   7.736163e+02   0.000000e+00   3953s
  751232    5.1061450e-03   1.060693e+03   0.000000e+00   3956s
  751591    5.1066085e-03   1.295700e+03   0.000000e+00   3960s
  752309    5.1077654e-03   1.868010e+03   0.000000e+00   3968s
  752668    5.1082721e-03   9.763689e+02   0.000000e+00   3971s
  753386    5.1092968e-03   3.729938e+02   0.000000e+00   3979s
  753745    5.1097920e-03   4.326315e+02   0.000000e+00   3982s
  754104    5.1104512e-03   2.201782e+03   0.000000e+00   3986s
  754822    5.1116074e-03   9.288904e+02   0.000000e+00   3993s
  755181    5.1120872e-03   1.910022e+03   0.000000e+00   3997s
  755540    5.1125616e-03   4.082986e+02   0.000000e+00   4001s
  756258    5.1143076e-03   3.208255e+03   0.000000e+00   4008s
  756617    5.1154732e-03   6.032087e+03   0.000000e+00   4012s
  756976    5.1167917e-03   1.294590e+03   0.000000e+00   4015s
  757694    5.1197166e-03   1.044689e+03   0.000000e+00   4022s
  758053    5.1210931e-03   1.849454e+03   0.000000e+00   4026s
  758771    5.1243444e-03   1.142164e+04   0.000000e+00   4033s
  759130    5.1257810e-03   1.784769e+03   0.000000e+00   4037s
  759489    5.1270043e-03   1.611907e+04   0.000000e+00   4040s
  760207    5.1306069e-03   1.447679e+03   0.000000e+00   4047s
  760566    5.1326229e-03   2.832060e+03   0.000000e+00   4050s
  761284    5.1354749e-03   1.014107e+03   0.000000e+00   4057s
  761643    5.1367874e-03   1.564780e+03   0.000000e+00   4061s
  762361    5.1390472e-03   1.013348e+04   0.000000e+00   4068s
  762720    5.1404102e-03   7.835763e+03   0.000000e+00   4071s
  763438    5.1430141e-03   6.609024e+03   0.000000e+00   4078s
  763797    5.1442140e-03   6.728554e+03   0.000000e+00   4082s
  764156    5.1455978e-03   6.363925e+03   0.000000e+00   4085s
  764874    5.1486041e-03   2.834423e+04   0.000000e+00   4092s
  765233    5.1502358e-03   2.635039e+03   0.000000e+00   4095s
  765951    5.1531272e-03   4.519710e+03   0.000000e+00   4102s
  766310    5.1555211e-03   1.044964e+04   0.000000e+00   4106s
  767028    5.1591869e-03   5.290217e+03   0.000000e+00   4113s
  767387    5.1607297e-03   6.967928e+03   0.000000e+00   4116s
  768105    5.1632656e-03   1.099253e+03   0.000000e+00   4123s
  768464    5.1645558e-03   2.095681e+03   0.000000e+00   4127s
  768823    5.1656134e-03   7.824722e+03   0.000000e+00   4131s
  769541    5.1679991e-03   1.546163e+04   0.000000e+00   4138s
  769900    5.1692497e-03   1.241484e+04   0.000000e+00   4141s
  770259    5.1701700e-03   6.970670e+02   0.000000e+00   4145s
  770977    5.1722630e-03   2.307252e+03   0.000000e+00   4153s
  771336    5.1734068e-03   1.611481e+03   0.000000e+00   4156s
  772054    5.1756952e-03   3.223816e+03   0.000000e+00   4164s
  772413    5.1766791e-03   2.670586e+03   0.000000e+00   4167s
  772772    5.1775117e-03   5.445804e+02   0.000000e+00   4171s
  773490    5.1791589e-03   1.094982e+04   0.000000e+00   4178s
  773849    5.1800733e-03   9.034961e+02   0.000000e+00   4182s
  774208    5.1808232e-03   5.457073e+03   0.000000e+00   4185s
  774926    5.1824449e-03   4.299264e+03   0.000000e+00   4193s
  775285    5.1832784e-03   1.196062e+03   0.000000e+00   4197s
  775644    5.1839088e-03   1.508806e+03   0.000000e+00   4200s
  776362    5.1851603e-03   3.054263e+02   0.000000e+00   4208s
  776721    5.1857073e-03   1.359871e+03   0.000000e+00   4211s
  777080    5.1862663e-03   2.366252e+02   0.000000e+00   4215s
  777798    5.1872752e-03   4.644282e+03   0.000000e+00   4222s
  778157    5.1877361e-03   5.017742e+02   0.000000e+00   4226s
  778875    5.1886094e-03   1.530376e+03   0.000000e+00   4234s
  779234    5.1890512e-03   1.151320e+03   0.000000e+00   4237s
  779593    5.1894121e-03   4.240204e+02   0.000000e+00   4241s
  780311    5.1901047e-03   4.621755e+02   0.000000e+00   4248s
  780670    5.1903581e-03   1.883374e+02   0.000000e+00   4252s
  781029    5.1905577e-03   1.744361e+02   0.000000e+00   4256s
  781747    5.1909151e-03   1.466225e+03   0.000000e+00   4263s
  782106    5.1911296e-03   4.232048e+02   0.000000e+00   4267s
  782465    5.1912333e-03   5.323823e+00   0.000000e+00   4271s
  783183    5.1913162e-03   8.381718e-01   0.000000e+00   4278s
  783384    5.1913203e-03   0.000000e+00   0.000000e+00   4280s

Root relaxation: objective 0.000000e+00, 783384 iterations, 4278.17 seconds
Total elapsed time = 4387.77s
Total elapsed time = 4591.34s

    Nodes    |    Current Node    |     Objective Bounds      |     Work
 Expl Unexpl |  Obj  Depth IntInf | Incumbent    BestBd   Gap | It/Node Time

     0     0    0.00000    0  124          -    0.00000      -     - 4814s
     0     0    0.00000    0  913          -    0.00000      -     - 7454s
     0     0    0.00000    0 1653          -    0.00000      -     - 13551s
H    0     0                    657468.00000    0.00000   100%     - 13584s
     0     0    0.00000    0 1533 657468.000    0.00000   100%     - 34464s
     0     0    0.00000    0 1501 657468.000    0.00000   100%     - 47978s
     0     0    0.00000    0  138 657468.000    0.00000   100%     - 63160s
H    0     0                    7124.0000000    0.00000   100%     - 63163s
     0     0    0.00000    0 1140 7124.00000    0.00000   100%     - 68347s
     0     0    0.00000    0  274 7124.00000    0.00000   100%     - 79999s

Cutting planes:
  Gomory: 5
  Cover: 89
  Implied bound: 172
  Clique: 12
  MIR: 320
  Flow cover: 322

Explored 0 nodes (8534035 simplex iterations) in 79999.87 seconds
Thread count was 8 (of 8 available processors)

Solve interrupted
Best objective 7.124000000000e+03, best bound 0.000000000000e+00, gap 100.0000%

Solution:
0 48 27 26 25 24 23 22 21 20 19 18 17 16 14 13 12 11 10 9 8 7 6 5 4 3 2 1 49 
0 0 0 0 0 0 0 0 0 0 0 0 0 0 0 0 0 0 0 0 0 0 0 0 0 0 0 0 0 

Cost: 7124
Lower Bound: 0
