Optimize a model with 4841 rows, 65559 columns and 199250 nonzeros
Model has 1560 quadratic objective terms
Model has 1600 quadratic constraints
Coefficient statistics:
  Matrix range    [1e+00, 1e+03]
  Objective range [0e+00, 0e+00]
  Bounds range    [1e+00, 4e+01]
  RHS range       [1e+00, 1e+04]
Presolve removed 159 rows and 4524 columns
Presolve time: 0.29s
Presolved: 239346 rows, 178347 columns, 884986 nonzeros
Variable types: 118872 continuous, 59475 integer (59436 binary)

Root simplex log...

Iteration    Objective       Primal Inf.    Dual Inf.      Time
   39640    7.4606482e-04   1.909379e+04   0.000000e+00      5s
   43915    8.2219175e-04   1.580739e+04   0.000000e+00     10s
   52036    9.1074219e-04   4.898001e+03   0.000000e+00     15s
   60748    9.6026718e-04   4.518058e+03   0.000000e+00     20s
   66292    9.8552823e-04   4.018832e+03   0.000000e+00     25s
   71836    1.0091311e-03   1.414276e+04   0.000000e+00     30s
   76324    1.0243731e-03   9.178377e+03   0.000000e+00     35s
   80284    1.0401209e-03   6.802327e+03   0.000000e+00     40s
   85036    1.0574178e-03   5.210482e+03   0.000000e+00     45s
   88732    1.0676763e-03   1.898203e+04   0.000000e+00     50s
   92692    1.0798016e-03   5.226530e+03   0.000000e+00     55s
   96916    1.0948700e-03   1.304351e+04   0.000000e+00     60s
   99820    1.1042165e-03   1.270028e+04   0.000000e+00     65s
  103252    1.1140260e-03   3.846904e+04   0.000000e+00     70s
  106156    1.1214222e-03   3.800827e+03   0.000000e+00     75s
  109060    1.1293006e-03   4.559054e+03   0.000000e+00     80s
  111964    1.1344739e-03   3.191392e+03   0.000000e+00     85s
  115132    1.1423528e-03   6.609594e+04   0.000000e+00     90s
  118036    1.1476672e-03   7.605800e+03   0.000000e+00     95s
  120676    1.1542559e-03   4.528730e+03   0.000000e+00    100s
  123316    1.1593200e-03   5.683108e+04   0.000000e+00    105s
  126220    1.1838693e-03   1.875824e+04   0.000000e+00    110s
  128596    1.2093627e-03   8.587929e+03   0.000000e+00    115s
  130972    1.2299587e-03   1.175547e+04   0.000000e+00    120s
  132820    1.2400303e-03   3.920393e+04   0.000000e+00    125s
  134932    1.2484257e-03   3.691879e+04   0.000000e+00    130s
  137308    1.2754264e-03   4.133327e+03   0.000000e+00    135s
  139948    1.3032706e-03   2.343696e+04   0.000000e+00    140s
  141796    1.3131127e-03   6.296838e+03   0.000000e+00    145s
  144172    1.3270236e-03   1.377975e+04   0.000000e+00    151s
  146020    1.3328489e-03   6.803917e+03   0.000000e+00    155s
  149188    1.3935147e-03   2.796123e+03   0.000000e+00    160s
  152356    1.4155139e-03   1.171230e+04   0.000000e+00    166s
  154996    1.4344127e-03   1.099934e+04   0.000000e+00    170s
  157372    1.4499192e-03   5.793534e+03   0.000000e+00    176s
  159220    1.4573022e-03   3.022305e+04   0.000000e+00    180s
  161860    1.4775170e-03   6.518406e+03   0.000000e+00    186s
  163708    1.4849701e-03   6.072233e+03   0.000000e+00    190s
  165556    1.4934106e-03   7.913734e+03   0.000000e+00    195s
  167668    1.5073194e-03   5.727030e+03   0.000000e+00    200s
  169780    1.5147919e-03   2.772992e+03   0.000000e+00    206s
  171628    1.5424146e-03   8.259663e+03   0.000000e+00    210s
  173476    1.5521744e-03   6.121136e+03   0.000000e+00    215s
  175324    1.5571732e-03   5.850011e+03   0.000000e+00    220s
  177172    1.5623870e-03   4.459050e+03   0.000000e+00    225s
  179020    1.5695776e-03   4.319329e+03   0.000000e+00    231s
  180868    1.5742682e-03   8.908361e+03   0.000000e+00    236s
  182188    1.5776948e-03   7.334508e+03   0.000000e+00    240s
  184300    1.5827320e-03   4.131869e+03   0.000000e+00    246s
  185620    1.5853618e-03   3.835027e+03   0.000000e+00    250s
  187996    1.6465294e-03   2.954664e+04   0.000000e+00    255s
  189580    1.6697327e-03   1.536859e+04   0.000000e+00    260s
  191956    1.7444746e-03   4.328630e+03   0.000000e+00    265s
  193540    1.7563977e-03   2.348662e+03   0.000000e+00    271s
  194860    1.7699142e-03   3.118557e+03   0.000000e+00    275s
  196180    1.7792638e-03   1.378070e+03   0.000000e+00    280s
  197764    1.7954193e-03   4.115002e+03   0.000000e+00    286s
  199348    1.8215952e-03   3.377699e+03   0.000000e+00    291s
  200932    1.8383051e-03   6.998463e+03   0.000000e+00    295s
  202516    1.8514007e-03   1.204331e+04   0.000000e+00    301s
  203836    1.8591680e-03   1.762528e+04   0.000000e+00    306s
  205156    1.8664500e-03   5.288251e+03   0.000000e+00    311s
  206212    1.8707899e-03   2.571158e+03   0.000000e+00    315s
  207532    1.8760612e-03   2.243951e+03   0.000000e+00    321s
  208588    1.8797543e-03   2.229824e+03   0.000000e+00    326s
  209644    1.8847141e-03   1.865460e+03   0.000000e+00    330s
  210700    1.8897503e-03   7.423944e+03   0.000000e+00    335s
  212020    1.8955308e-03   7.488563e+02   0.000000e+00    341s
  213076    1.8994978e-03   2.045647e+03   0.000000e+00    346s
  214132    1.9031196e-03   1.825458e+03   0.000000e+00    351s
  215188    1.9073119e-03   1.377635e+03   0.000000e+00    355s
  216244    1.9109645e-03   1.439145e+03   0.000000e+00    360s
  217564    1.9150510e-03   1.682727e+03   0.000000e+00    366s
  218356    1.9176349e-03   1.668996e+03   0.000000e+00    370s
  219412    1.9211506e-03   1.499060e+03   0.000000e+00    375s
  220468    1.9242681e-03   8.954359e+03   0.000000e+00    380s
  221524    1.9267887e-03   1.532128e+03   0.000000e+00    386s
  222580    1.9294346e-03   8.834865e+02   0.000000e+00    391s
  223636    1.9322651e-03   2.333668e+03   0.000000e+00    396s
  224692    1.9356620e-03   5.617526e+02   0.000000e+00    401s
  225748    1.9391534e-03   1.609395e+03   0.000000e+00    406s
  226804    1.9421194e-03   1.148366e+03   0.000000e+00    411s
  227860    1.9454954e-03   4.874590e+03   0.000000e+00    416s
  228652    1.9475644e-03   1.423440e+03   0.000000e+00    420s
  229708    1.9503587e-03   1.187170e+03   0.000000e+00    425s
  230764    1.9535185e-03   3.836605e+03   0.000000e+00    431s
  231820    1.9561894e-03   9.669605e+02   0.000000e+00    436s
  232612    1.9582259e-03   5.068357e+03   0.000000e+00    440s
  233668    1.9607273e-03   2.272719e+03   0.000000e+00    446s
  234724    1.9632753e-03   1.972379e+03   0.000000e+00    451s
  235516    1.9656476e-03   1.331863e+03   0.000000e+00    455s
  236572    1.9683364e-03   2.688850e+03   0.000000e+00    460s
  237628    1.9707364e-03   1.259517e+03   0.000000e+00    466s
  238684    1.9730628e-03   1.218242e+03   0.000000e+00    471s
  239476    1.9748512e-03   1.813211e+03   0.000000e+00    475s
  240532    1.9778952e-03   2.123718e+03   0.000000e+00    480s
  241588    1.9800576e-03   2.188719e+03   0.000000e+00    486s
  242380    1.9818230e-03   1.970888e+03   0.000000e+00    490s
  243436    1.9844384e-03   5.073905e+03   0.000000e+00    496s
  244492    1.9869462e-03   5.656922e+02   0.000000e+00    501s
  245284    1.9883670e-03   8.045600e+02   0.000000e+00    505s
  246340    1.9904842e-03   2.454432e+03   0.000000e+00    511s
  247396    1.9926497e-03   4.658883e+02   0.000000e+00    516s
  248188    1.9939813e-03   4.092034e+02   0.000000e+00    520s
  249244    1.9960191e-03   4.312300e+02   0.000000e+00    526s
  250036    1.9973402e-03   1.769043e+03   0.000000e+00    530s
  251092    1.9991016e-03   7.846441e+03   0.000000e+00    535s
  252148    2.0010396e-03   5.186745e+02   0.000000e+00    541s
  252940    2.0032821e-03   8.057287e+03   0.000000e+00    545s
  253996    2.0076300e-03   4.899300e+03   0.000000e+00    551s
  255052    2.0121026e-03   2.276964e+03   0.000000e+00    556s
  255844    2.0160789e-03   6.324756e+03   0.000000e+00    560s
  256900    2.0210477e-03   1.901897e+04   0.000000e+00    566s
  257956    2.0253854e-03   1.065175e+04   0.000000e+00    571s
  258748    2.0284156e-03   3.030062e+03   0.000000e+00    575s
  259804    2.0327967e-03   3.242314e+03   0.000000e+00    581s
  260596    2.0352788e-03   1.932087e+03   0.000000e+00    585s
  261652    2.0388042e-03   1.809334e+03   0.000000e+00    591s
  262444    2.0411571e-03   1.356774e+03   0.000000e+00    595s
  263500    2.0436658e-03   4.360380e+02   0.000000e+00    601s
  264292    2.0453457e-03   1.070172e+03   0.000000e+00    606s
  265348    2.0472434e-03   1.304595e+03   0.000000e+00    611s
  266140    2.0481561e-03   4.238464e+02   0.000000e+00    616s
  266932    2.0489143e-03   1.842933e+02   0.000000e+00    620s
  267988    2.0495288e-03   1.465816e+02   0.000000e+00    626s
  268744    2.0496683e-03   0.000000e+00   0.000000e+00    631s

Root relaxation: objective 0.000000e+00, 268744 iterations, 629.69 seconds
Total elapsed time = 701.83s
Total elapsed time = 794.40s
Total elapsed time = 934.30s

    Nodes    |    Current Node    |     Objective Bounds      |     Work
 Expl Unexpl |  Obj  Depth IntInf | Incumbent    BestBd   Gap | It/Node Time

     0     0    0.00000    0  318          -    0.00000      -     - 1029s
     0     0    0.00000    0  872          -    0.00000      -     - 2068s
     0     0    0.00000    0  960          -    0.00000      -     - 2778s
H    0     0                    426384.00000    0.00000   100%     - 2786s
     0     0    0.00000    0 1042 426384.000    0.00000   100%     - 4124s
     0     0    0.00000    0 1052 426384.000    0.00000   100%     - 4712s
     0     0    0.00000    0  137 426384.000    0.00000   100%     - 6183s
     0     0    0.00000    0  620 426384.000    0.00000   100%     - 6864s
     0     0    0.00000    0  102 426384.000    0.00000   100%     - 9125s
H    0     0                    5119.0000000    0.00000   100%     - 9128s
H    0     0                    4407.0000000    0.00000   100%     - 9128s
     0     0    0.00000    0  239 4407.00000    0.00000   100%     - 10563s
H    0     0                    4024.0000000    0.00000   100%     - 10569s
     0     0    0.00000    0  386 4024.00000    0.00000   100%     - 10912s
     0     0    0.00000    0  134 4024.00000    0.00000   100%     - 12655s
     0     0    0.00000    0  428 4024.00000    0.00000   100%     - 13389s
     0     0    0.00000    0  115 4024.00000    0.00000   100%     - 15350s
     0     0    0.00000    0   94 4024.00000    0.00000   100%     - 15870s
     0     2    0.00000    0   94 4024.00000    0.00000   100%     - 21586s
     1     3    0.00000    1  142 4024.00000    0.00000   100% 136261 21614s
     2     4    0.00000    2  154 4024.00000    0.00000   100% 70657 21628s
     3     5    4.62162    2  861 4024.00000    0.00000   100% 151341 22286s
     4     5    6.97436    3  658 4024.00000    0.00000   100% 151016 23056s
     5     8    0.00000    3 1095 4024.00000    0.00000   100% 152516 24610s
     7     8    0.00000    4  743 4024.00000    0.00000   100% 142127 25837s
     9    12    3.62500    5  788 4024.00000    0.00000   100% 131150 28047s
    13    18    0.00000    5 1836 4024.00000    0.00000   100% 148963 30158s
    17    20    0.00000    6 1443 4024.00000    0.00000   100% 137547 31688s
    22    24    0.00000    7 1123 4024.00000    0.00000   100% 123279 33106s
    33    36    0.00000   10  108 4024.00000    0.00000   100% 113206 35498s
    40    38   12.27027   11  383 4024.00000    0.00000   100% 109370 37960s
    59    62    0.00000   12 1315 4024.00000    0.00000   100% 87930 40627s
    68    71  115.50000   12 1249 4024.00000    0.00000   100% 92255 45385s
    77    75   12.75000   13  950 4024.00000    0.00000   100% 87949 47626s
    86    88   19.00000   16 1022 4024.00000    0.00000   100% 85769 49930s
    93    92   23.75000   18  716 4024.00000    0.00000   100% 86669 52146s
   104   105   49.50000   21  561 4024.00000    0.00000   100% 83800 54167s
   114   118   49.50000   24  431 4024.00000    0.00000   100% 80960 56274s
   121   124   49.50000   26  775 4024.00000    0.00000   100% 80960 58469s
   131   130   49.50000   29  280 4024.00000    0.00000   100% 79392 60169s
   142   142  140.83333   32  757 4024.00000    0.00000   100% 77895 62588s
   147   145   49.50000   33  972 4024.00000    0.00000   100% 78466 65345s
   156   158  156.50000   34 2101 4024.00000    0.00000   100% 80191 69551s
   165   167   49.50000   35 1340 4024.00000    0.00000   100% 80611 72098s
   173   177   51.75000   36 1902 4024.00000    0.00000   100% 81573 75760s
   179   173   49.50000   37 1837 4024.00000    0.00000   100% 83342 79999s

Cutting planes:
  Gomory: 6
  Cover: 114
  Implied bound: 179
  Clique: 9
  MIR: 326
  Flow cover: 365

Explored 202 nodes (20544271 simplex iterations) in 79999.90 seconds
Thread count was 8 (of 8 available processors)

Solve interrupted
Best objective 4.024000000000e+03, best bound 0.000000000000e+00, gap 100.0000%

Solution:
0 33 27 16 17 39 15 34 31 12 35 5 20 1 30 14 38 24 32 37 
1 0 0 0 0 0 0 0 0 0 0 0 0 0 0 0 0 0 0 0 

Cost: 4024
Lower Bound: 0
