Optimize a model with 4841 rows, 65559 columns and 199250 nonzeros
Model has 1560 quadratic objective terms
Model has 1600 quadratic constraints
Coefficient statistics:
  Matrix range    [1e+00, 1e+03]
  Objective range [0e+00, 0e+00]
  Bounds range    [1e+00, 4e+01]
  RHS range       [1e+00, 1e+04]
Presolve removed 159 rows and 4524 columns
Presolve time: 0.29s
Presolved: 239346 rows, 178347 columns, 884986 nonzeros
Variable types: 118872 continuous, 59475 integer (59436 binary)

Root simplex log...

Iteration    Objective       Primal Inf.    Dual Inf.      Time
   39560    7.2212688e-04   3.496723e+03   0.000000e+00      5s
   44688    7.9361090e-04   1.005180e+04   0.000000e+00     10s
   48914    8.4500628e-04   2.706606e+04   0.000000e+00     15s
   54722    8.8402003e-04   4.551531e+03   0.000000e+00     20s
   62642    9.3155134e-04   5.455375e+03   0.000000e+00     25s
   67922    9.6005385e-04   1.307229e+04   0.000000e+00     30s
   71618    9.7568014e-04   9.166618e+03   0.000000e+00     35s
   75050    9.8773016e-04   1.784135e+04   0.000000e+00     40s
   79274    1.0040384e-03   9.520191e+03   0.000000e+00     45s
   83498    1.0188602e-03   2.818541e+04   0.000000e+00     51s
   86402    1.0258646e-03   4.603297e+03   0.000000e+00     55s
   89570    1.0782738e-03   1.949884e+04   0.000000e+00     60s
   94058    1.2092522e-03   7.603314e+03   0.000000e+00     65s
   97226    1.2652986e-03   1.634257e+04   0.000000e+00     70s
  100658    1.3136344e-03   4.209795e+04   0.000000e+00     76s
  103034    1.3753756e-03   1.192650e+04   0.000000e+00     80s
  106202    1.4421646e-03   1.483777e+05   0.000000e+00     86s
  108842    1.4993055e-03   1.227999e+04   0.000000e+00     90s
  111218    1.5326625e-03   8.554319e+03   0.000000e+00     95s
  114386    1.5863055e-03   1.500176e+05   0.000000e+00    100s
  117554    1.6286670e-03   4.197172e+03   0.000000e+00    105s
  120194    1.6606476e-03   1.302714e+04   0.000000e+00    110s
  123098    1.6904902e-03   4.443583e+03   0.000000e+00    115s
  125210    1.7178859e-03   8.193178e+03   0.000000e+00    120s
  127586    1.7541810e-03   4.894505e+03   0.000000e+00    125s
  129434    1.7636538e-03   4.225340e+03   0.000000e+00    130s
  131810    1.7883647e-03   2.967974e+03   0.000000e+00    136s
  133922    1.8142852e-03   1.127965e+04   0.000000e+00    140s
  136298    1.8342389e-03   1.382677e+04   0.000000e+00    145s
  138410    1.8508082e-03   9.506906e+03   0.000000e+00    150s
  140522    1.8651864e-03   4.960386e+03   0.000000e+00    155s
  142370    1.8819079e-03   3.337194e+03   0.000000e+00    160s
  144218    1.8882434e-03   2.454915e+04   0.000000e+00    165s
  146330    1.9028187e-03   7.899208e+03   0.000000e+00    170s
  148178    1.9095851e-03   3.679075e+03   0.000000e+00    175s
  150290    1.9199073e-03   2.072848e+04   0.000000e+00    180s
  151874    1.9296237e-03   4.828388e+03   0.000000e+00    185s
  153458    1.9414907e-03   6.374307e+03   0.000000e+00    190s
  155042    1.9471004e-03   1.787134e+04   0.000000e+00    195s
  156890    1.9554620e-03   1.328214e+04   0.000000e+00    201s
  158474    1.9627972e-03   6.667653e+03   0.000000e+00    205s
  160322    1.9722600e-03   7.123052e+03   0.000000e+00    211s
  161906    1.9823598e-03   7.054591e+03   0.000000e+00    216s
  163226    1.9860173e-03   4.492453e+03   0.000000e+00    220s
  164810    1.9905186e-03   6.734394e+03   0.000000e+00    226s
  166130    1.9943264e-03   1.204914e+04   0.000000e+00    231s
  167450    1.9991843e-03   3.308091e+03   0.000000e+00    235s
  169034    2.0053539e-03   9.555692e+03   0.000000e+00    241s
  170354    2.0087548e-03   4.768161e+03   0.000000e+00    245s
  172202    2.0191339e-03   4.125723e+03   0.000000e+00    251s
  173522    2.0227781e-03   2.857651e+03   0.000000e+00    256s
  175106    2.0267312e-03   1.313759e+04   0.000000e+00    261s
  176426    2.0301478e-03   1.318095e+04   0.000000e+00    265s
  178010    2.0346284e-03   5.774529e+03   0.000000e+00    271s
  179594    2.0389962e-03   1.902244e+04   0.000000e+00    276s
  180914    2.0421516e-03   8.169887e+03   0.000000e+00    280s
  182498    2.0478914e-03   1.280226e+04   0.000000e+00    286s
  183818    2.0506876e-03   2.096391e+04   0.000000e+00    290s
  185666    2.0658912e-03   4.926316e+03   0.000000e+00    295s
  187250    2.0709098e-03   2.932418e+03   0.000000e+00    300s
  189098    2.0755703e-03   1.394768e+04   0.000000e+00    306s
  190418    2.0795428e-03   3.077789e+03   0.000000e+00    310s
  192002    2.0834328e-03   2.310732e+03   0.000000e+00    316s
  193586    2.0916885e-03   2.540411e+03   0.000000e+00    321s
  194906    2.0942095e-03   7.766174e+03   0.000000e+00    325s
  196226    2.0966970e-03   9.401183e+03   0.000000e+00    330s
  197810    2.1270551e-03   1.331593e+04   0.000000e+00    335s
  199658    2.1588667e-03   6.301004e+03   0.000000e+00    341s
  201242    2.1824972e-03   2.216109e+03   0.000000e+00    346s
  202562    2.2006736e-03   2.240869e+03   0.000000e+00    351s
  203882    2.2137350e-03   2.742153e+03   0.000000e+00    355s
  205202    2.2299571e-03   2.726553e+03   0.000000e+00    360s
  206522    2.2385625e-03   8.730934e+03   0.000000e+00    365s
  207842    2.2481920e-03   7.262272e+03   0.000000e+00    371s
  208898    2.2535297e-03   4.253210e+03   0.000000e+00    375s
  210218    2.2609728e-03   1.127546e+03   0.000000e+00    381s
  211274    2.2677486e-03   2.107459e+03   0.000000e+00    385s
  212330    2.2732801e-03   1.394427e+03   0.000000e+00    390s
  213386    2.2771291e-03   2.667569e+03   0.000000e+00    395s
  214442    2.2807746e-03   1.116157e+03   0.000000e+00    400s
  215762    2.2944634e-03   2.601433e+04   0.000000e+00    406s
  216818    2.3112682e-03   3.360099e+03   0.000000e+00    411s
  217874    2.3211351e-03   3.960132e+04   0.000000e+00    416s
  218930    2.3304029e-03   3.894141e+03   0.000000e+00    420s
  219986    2.3381461e-03   8.041019e+03   0.000000e+00    425s
  221042    2.3449543e-03   8.703704e+03   0.000000e+00    430s
  222098    2.3510869e-03   7.714406e+03   0.000000e+00    436s
  223154    2.3582464e-03   3.396419e+04   0.000000e+00    441s
  224210    2.3636416e-03   1.207520e+03   0.000000e+00    446s
  225002    2.3675758e-03   1.365738e+04   0.000000e+00    450s
  226058    2.3729296e-03   3.544408e+03   0.000000e+00    456s
  226850    2.3763742e-03   1.071952e+03   0.000000e+00    460s
  227906    2.3802004e-03   2.686695e+03   0.000000e+00    466s
  228698    2.3826239e-03   1.220842e+03   0.000000e+00    470s
  229754    2.3858270e-03   8.520069e+03   0.000000e+00    476s
  230546    2.3880630e-03   1.325410e+03   0.000000e+00    480s
  231602    2.3902289e-03   1.215965e+03   0.000000e+00    486s
  232394    2.3915933e-03   3.881725e+02   0.000000e+00    490s
  233450    2.3930499e-03   4.676853e+02   0.000000e+00    496s
  234242    2.3937038e-03   1.650021e+01   0.000000e+00    501s
  235264    2.3940393e-03   0.000000e+00   0.000000e+00    506s

Root relaxation: objective 0.000000e+00, 235264 iterations, 505.23 seconds
Total elapsed time = 566.18s
Total elapsed time = 753.76s
Total elapsed time = 857.42s
Total elapsed time = 884.01s

    Nodes    |    Current Node    |     Objective Bounds      |     Work
 Expl Unexpl |  Obj  Depth IntInf | Incumbent    BestBd   Gap | It/Node Time

     0     0    0.00000    0   64          -    0.00000      -     -  903s
     0     0    0.00000    0  266          -    0.00000      -     - 1405s
     0     0    0.00000    0  270          -    0.00000      -     - 1546s
     0     0    0.00000    0  333          -    0.00000      -     - 2035s
     0     0    0.00000    0  597          -    0.00000      -     - 2918s
H    0     0                    429476.00000    0.00000   100%     - 2922s
     0     0    0.00000    0  313 429476.000    0.00000   100%     - 4181s
     0     0    0.00000    0  609 429476.000    0.00000   100%     - 4708s
     0     0    0.00000    0  141 429476.000    0.00000   100%     - 6751s
     0     0    0.00000    0  316 429476.000    0.00000   100%     - 7252s
     0     0    0.00000    0  183 429476.000    0.00000   100%     - 8843s
H    0     0                    6032.0000000    0.00000   100%     - 8847s
     0     0    0.00000    0  799 6032.00000    0.00000   100%     - 9795s
     0     0    0.00000    0  190 6032.00000    0.00000   100%     - 11570s
     0     0    0.00000    0  163 6032.00000    0.00000   100%     - 11960s
     0     2    0.00000    0  163 6032.00000    0.00000   100%     - 19365s
     1     3    0.00000    1  180 6032.00000    0.00000   100% 156456 19384s
     2     4    4.16216    1 1126 6032.00000    0.00000   100% 201740 20868s
     3     5    0.00000    2  174 6032.00000    0.00000   100% 139580 20916s
     4     4    0.00000    3  349 6032.00000    0.00000   100% 124760 21359s
     5     9  201.50000    3  260 6032.00000    0.00000   100% 111724 24184s
     8    11    0.00000    4  633 6032.00000    0.00000   100% 160876 25529s
    11    16   58.00000    4  767 6032.00000    0.00000   100% 153254 27462s
    15    19    0.00000    5  997 6032.00000    0.00000   100% 141259 29390s
    20    21    7.52500    6 1226 6032.00000    0.00000   100% 126820 31155s
    26    28    0.00000    6  971 6032.00000    0.00000   100% 111188 32824s
    33    34   11.50000    7 1532 6032.00000    0.00000   100% 104111 35529s
    40    41    0.00000    7  762 6032.00000    0.00000   100% 98751 38219s
    49    52    0.00000    8  715 6032.00000    0.00000   100% 94531 41279s
    55    53    0.00000   10  160 6032.00000    0.00000   100% 104660 43727s
    73    74    0.00000   11  150 6032.00000    0.00000   100% 86133 46737s
    84    86    0.00000   15  579 6032.00000    0.00000   100% 85463 48794s
    92    92    5.97500   15 1071 6032.00000    0.00000   100% 84775 51144s
   102   105    0.00000   16 1595 6032.00000    0.00000   100% 83753 53822s
   106   106    2.41026   16 1830 6032.00000    0.00000   100% 90110 55906s
   115   116   51.50000   17 1242 6032.00000    0.00000   100% 87041 60079s
   124   124    0.00000   19 2341 6032.00000    0.00000   100% 90251 63076s
   142   142    0.00000   20  287 6032.00000    0.00000   100% 88120 65961s
   159   163    0.00000   21  261 6032.00000    0.00000   100% 82818 69164s
   166   167   10.05000   23 1170 6032.00000    0.00000   100% 85256 72038s
   176   175    0.00000   23 1281 6032.00000    0.00000   100% 85364 75318s
   186   189    0.00000   24 1053 6032.00000    0.00000   100% 83918 78953s
   193   187  205.66216   36 1382 6032.00000    0.00000   100% 85311 79999s

Cutting planes:
  Gomory: 9
  Cover: 76
  Implied bound: 245
  Clique: 2
  MIR: 261
  Flow cover: 261

Explored 203 nodes (20973694 simplex iterations) in 79999.90 seconds
Thread count was 8 (of 8 available processors)

Solve interrupted
Best objective 6.032000000000e+03, best bound 0.000000000000e+00, gap 100.0000%

Solution:
0 37 19 18 17 16 15 14 13 12 11 10 9 8 7 6 5 4 3 2 39 38 
0 0 0 0 0 0 0 0 0 0 0 0 0 0 0 0 0 0 0 0 0 0 

Cost: 6032
Lower Bound: 0
