Optimize a model with 7551 rows, 127449 columns and 386560 nonzeros
Model has 2450 quadratic objective terms
Model has 2500 quadratic constraints
Coefficient statistics:
  Matrix range    [1e+00, 1e+03]
  Objective range [0e+00, 0e+00]
  Bounds range    [1e+00, 5e+01]
  RHS range       [1e+00, 1e+04]
Presolve removed 199 rows and 7202 columns
Presolve time: 0.64s
Presolved: 473494 rows, 353293 columns, 1756027 nonzeros
Variable types: 235496 continuous, 117797 integer (117748 binary)

Root simplex log...

Iteration    Objective       Primal Inf.    Dual Inf.      Time
   50749    7.9876355e-04   4.487799e+03   0.000000e+00      5s
   70598    7.0001104e+01   7.187081e+03   0.000000e+00     10s
   76184    7.0001158e+01   5.027934e+03   0.000000e+00     15s
   79768    7.0001194e+01   2.433884e+04   0.000000e+00     20s
   81204    7.0001220e+01   6.128099e+04   0.000000e+00     25s
   83401    7.0001249e+01   2.771469e+04   0.000000e+00     30s
   85196    7.0001276e+01   5.611403e+04   0.000000e+00     35s
   89145    7.0001306e+01   8.564352e+03   0.000000e+00     40s
   94171    7.0001332e+01   1.414677e+04   0.000000e+00     45s
   98838    7.0001352e+01   9.835781e+03   0.000000e+00     50s
  102428    7.0001368e+01   1.219932e+04   0.000000e+00     56s
  106736    7.0001389e+01   9.042540e+03   0.000000e+00     60s
  110326    7.0001404e+01   9.406680e+03   0.000000e+00     66s
  113916    7.0001419e+01   1.367154e+04   0.000000e+00     70s
  118224    7.0001439e+01   9.947784e+03   0.000000e+00     76s
  121455    7.0001452e+01   6.509648e+03   0.000000e+00     81s
  125045    7.0001465e+01   1.935833e+04   0.000000e+00     85s
  127917    7.0001474e+01   7.760437e+03   0.000000e+00     90s
  131507    7.0001487e+01   7.349455e+03   0.000000e+00     95s
  134738    7.0001499e+01   6.828740e+03   0.000000e+00    100s
  138687    7.0001514e+01   3.767417e+04   0.000000e+00    106s
  141200    7.0001524e+01   2.117171e+04   0.000000e+00    110s
  144790    7.0001538e+01   6.816670e+04   0.000000e+00    115s
  147662    7.0001547e+01   1.544286e+04   0.000000e+00    120s
  150175    7.0001555e+01   2.789463e+04   0.000000e+00    125s
  152329    7.0001562e+01   1.692999e+04   0.000000e+00    130s
  154124    7.0001566e+01   6.585744e+04   0.000000e+00    135s
  156996    7.0001576e+01   3.765910e+04   0.000000e+00    141s
  159150    7.0001583e+01   1.030019e+04   0.000000e+00    145s
  161663    7.0001589e+01   2.809856e+04   0.000000e+00    151s
  163817    7.0001595e+01   1.138424e+04   0.000000e+00    155s
  165971    7.0001602e+01   1.136045e+04   0.000000e+00    160s
  168843    7.0001613e+01   1.085836e+04   0.000000e+00    166s
  171356    7.0001627e+01   4.046025e+04   0.000000e+00    170s
  174946    7.0001641e+01   3.796403e+04   0.000000e+00    175s
  177459    7.0001647e+01   1.932763e+04   0.000000e+00    180s
  179972    7.0001653e+01   2.712711e+04   0.000000e+00    185s
  182485    7.0001665e+01   1.072019e+04   0.000000e+00    191s
  184639    7.0001669e+01   1.328658e+04   0.000000e+00    196s
  187152    7.0001676e+01   1.851613e+04   0.000000e+00    201s
  188947    7.0001681e+01   9.315023e+03   0.000000e+00    206s
  190383    7.0001685e+01   1.283737e+04   0.000000e+00    210s
  192178    7.0001688e+01   3.872424e+04   0.000000e+00    216s
  193973    7.0001692e+01   2.550324e+04   0.000000e+00    220s
  196127    7.0001699e+01   9.593517e+03   0.000000e+00    225s
  197922    7.0001702e+01   1.109716e+04   0.000000e+00    231s
  199358    7.0001726e+01   1.691401e+04   0.000000e+00    236s
  200794    7.0001760e+01   2.557083e+04   0.000000e+00    240s
  202230    7.0001771e+01   1.162038e+05   0.000000e+00    246s
  203307    7.0001781e+01   3.850163e+04   0.000000e+00    250s
  205461    7.0001819e+01   2.231636e+04   0.000000e+00    255s
  207615    7.0001865e+01   2.266646e+04   0.000000e+00    260s
  209051    7.0001885e+01   1.173304e+04   0.000000e+00    265s
  210487    7.0001898e+01   2.497473e+04   0.000000e+00    270s
  211564    7.0001904e+01   1.465390e+04   0.000000e+00    275s
  213000    7.0001914e+01   4.784871e+04   0.000000e+00    281s
  214795    7.0001940e+01   1.193265e+06   0.000000e+00    286s
  216590    7.0001960e+01   3.509918e+05   0.000000e+00    290s
  218385    7.0001982e+01   2.909836e+04   0.000000e+00    295s
  220180    7.0002004e+01   2.732249e+04   0.000000e+00    300s
  221257    7.0002011e+01   7.188088e+04   0.000000e+00    305s
  223411    7.0002045e+01   2.399432e+04   0.000000e+00    311s
  224847    7.0002060e+01   2.319864e+04   0.000000e+00    316s
  225924    7.0002068e+01   6.221160e+04   0.000000e+00    320s
  227360    7.0002084e+01   3.142194e+04   0.000000e+00    326s
  228796    7.0002097e+01   3.177010e+04   0.000000e+00    330s
  230232    7.0002105e+01   1.849974e+04   0.000000e+00    336s
  231668    7.0002119e+01   1.899254e+04   0.000000e+00    341s
  232386    7.0002123e+01   2.566101e+04   0.000000e+00    345s
  234181    7.0002150e+01   2.001579e+04   0.000000e+00    351s
  235617    7.0002168e+01   3.182828e+05   0.000000e+00    356s
  237412    7.0002204e+01   3.044904e+04   0.000000e+00    361s
  239207    7.0002236e+01   3.162904e+05   0.000000e+00    366s
  240284    7.0002242e+01   1.594968e+04   0.000000e+00    371s
  242079    7.0002282e+01   2.256650e+04   0.000000e+00    376s
  243874    7.0002310e+01   1.235960e+04   0.000000e+00    380s
  245669    7.0002336e+01   4.645334e+04   0.000000e+00    385s
  247105    7.0002352e+01   8.645478e+03   0.000000e+00    391s
  248900    7.0002397e+01   1.912877e+04   0.000000e+00    395s
  250336    7.0002415e+01   2.511951e+04   0.000000e+00    400s
  251772    7.0002423e+01   2.184802e+04   0.000000e+00    406s
  253208    7.0002435e+01   1.984066e+04   0.000000e+00    410s
  254285    7.0002440e+01   6.081027e+04   0.000000e+00    415s
  255721    7.0002448e+01   2.715286e+04   0.000000e+00    421s
  257157    7.0002454e+01   3.353791e+04   0.000000e+00    425s
  258593    7.0002461e+01   2.630015e+04   0.000000e+00    431s
  260029    7.0002469e+01   2.634684e+04   0.000000e+00    436s
  261106    7.0002472e+01   5.827868e+04   0.000000e+00    441s
  262183    7.0002477e+01   3.283220e+04   0.000000e+00    445s
  263619    7.0002483e+01   2.390264e+05   0.000000e+00    450s
  264696    7.0002486e+01   1.867154e+04   0.000000e+00    455s
  266132    7.0002492e+01   1.174889e+05   0.000000e+00    461s
  267209    7.0002496e+01   1.310825e+04   0.000000e+00    466s
  268645    7.0002502e+01   7.170738e+04   0.000000e+00    471s
  269722    7.0002508e+01   2.432086e+04   0.000000e+00    475s
  272594    7.0002546e+01   1.107812e+04   0.000000e+00    481s
  274030    7.0002561e+01   9.169032e+04   0.000000e+00    485s
  275466    7.0002569e+01   1.811471e+04   0.000000e+00    491s
  277979    7.0002610e+01   4.203069e+04   0.000000e+00    495s
  279415    7.0002616e+01   1.396826e+04   0.000000e+00    500s
  281210    7.0002624e+01   3.042746e+04   0.000000e+00    506s
  282646    7.0002630e+01   1.070755e+04   0.000000e+00    512s
  284082    7.0002641e+01   1.152217e+04   0.000000e+00    516s
  285518    7.0002655e+01   4.895875e+04   0.000000e+00    520s
  286595    7.0002659e+01   1.752405e+04   0.000000e+00    525s
  288390    7.0002680e+01   4.728049e+04   0.000000e+00    530s
  290544    7.0002692e+01   1.954728e+04   0.000000e+00    536s
  291621    7.0002697e+01   5.925074e+04   0.000000e+00    541s
  294134    7.0002778e+01   2.489826e+04   0.000000e+00    545s
  296288    7.0002790e+01   2.051132e+04   0.000000e+00    551s
  297724    7.0002797e+01   1.656229e+04   0.000000e+00    556s
  298801    7.0002801e+01   3.108259e+04   0.000000e+00    561s
  299878    7.0002809e+01   9.748898e+04   0.000000e+00    565s
  301314    7.0002813e+01   1.261113e+05   0.000000e+00    571s
  302391    7.0002817e+01   2.615704e+04   0.000000e+00    576s
  303468    7.0002821e+01   4.129797e+04   0.000000e+00    581s
  304904    7.0002827e+01   1.688294e+04   0.000000e+00    586s
  305981    7.0002834e+01   1.612868e+04   0.000000e+00    591s
  307058    7.0002843e+01   1.106842e+05   0.000000e+00    596s
  308135    7.0002847e+01   6.331084e+04   0.000000e+00    600s
  310648    7.0002874e+01   2.110618e+04   0.000000e+00    606s
  311725    7.0002879e+01   2.852608e+04   0.000000e+00    611s
  313161    7.0002888e+01   6.989071e+04   0.000000e+00    616s
  314238    7.0002891e+01   2.133443e+04   0.000000e+00    620s
  315315    7.0002898e+01   7.531157e+03   0.000000e+00    626s
  316392    7.0002904e+01   1.394392e+04   0.000000e+00    630s
  317828    7.0002907e+01   1.775164e+04   0.000000e+00    637s
  318905    7.0002910e+01   5.444322e+04   0.000000e+00    641s
  320341    7.0002917e+01   4.258387e+04   0.000000e+00    646s
  321059    7.0002920e+01   6.979941e+05   0.000000e+00    650s
  322495    7.0002931e+01   2.329581e+04   0.000000e+00    656s
  323931    7.0002937e+01   5.120409e+04   0.000000e+00    662s
  324649    7.0002939e+01   6.805723e+04   0.000000e+00    665s
  325726    7.0002941e+01   1.426118e+04   0.000000e+00    671s
  326803    7.0002944e+01   2.935164e+04   0.000000e+00    677s
  327521    7.0002945e+01   1.971886e+04   0.000000e+00    680s
  328598    7.0002950e+01   2.301312e+04   0.000000e+00    686s
  330393    7.0002964e+01   1.787912e+04   0.000000e+00    691s
  332188    7.0002986e+01   8.730421e+03   0.000000e+00    697s
  332906    7.0002988e+01   1.764838e+04   0.000000e+00    700s
  333983    7.0002991e+01   4.839407e+04   0.000000e+00    705s
  335419    7.0002998e+01   2.273900e+04   0.000000e+00    711s
  336496    7.0003001e+01   1.661932e+04   0.000000e+00    716s
  337573    7.0003005e+01   6.575231e+04   0.000000e+00    720s
  339727    7.0003020e+01   4.227967e+04   0.000000e+00    726s
  340804    7.0003022e+01   6.016347e+04   0.000000e+00    731s
  341881    7.0003025e+01   9.355540e+03   0.000000e+00    737s
  343317    7.0003040e+01   1.959642e+04   0.000000e+00    741s
  344394    7.0003044e+01   4.053004e+04   0.000000e+00    745s
  345471    7.0003047e+01   1.491051e+04   0.000000e+00    751s
  346548    7.0003050e+01   1.195683e+04   0.000000e+00    755s
  347625    7.0003053e+01   1.545343e+04   0.000000e+00    761s
  349420    7.0003065e+01   1.987839e+04   0.000000e+00    766s
  350497    7.0003072e+01   1.365529e+04   0.000000e+00    770s
  351933    7.0003075e+01   1.580597e+04   0.000000e+00    776s
  352651    7.0003076e+01   6.217090e+04   0.000000e+00    780s
  353728    7.0003078e+01   3.725051e+04   0.000000e+00    785s
  355164    7.0003082e+01   2.172061e+04   0.000000e+00    791s
  355882    7.0003086e+01   3.878432e+04   0.000000e+00    795s
  356959    7.0003094e+01   8.364141e+03   0.000000e+00    801s
  358036    7.0003099e+01   2.245087e+05   0.000000e+00    806s
  358754    7.0003101e+01   9.777815e+03   0.000000e+00    810s
  360190    7.0003104e+01   3.128326e+04   0.000000e+00    816s
  361267    7.0003107e+01   1.262728e+05   0.000000e+00    820s
  362344    7.0003110e+01   1.973926e+05   0.000000e+00    826s
  363421    7.0003112e+01   3.000578e+04   0.000000e+00    831s
  364139    7.0003115e+01   9.312121e+03   0.000000e+00    835s
  365216    7.0003118e+01   9.538352e+03   0.000000e+00    841s
  366293    7.0003121e+01   1.501699e+04   0.000000e+00    846s
  367370    7.0003124e+01   1.227298e+04   0.000000e+00    851s
  369165    7.0003156e+01   1.449262e+04   0.000000e+00    855s
  370242    7.0003159e+01   5.531647e+04   0.000000e+00    860s
  371319    7.0003162e+01   3.709031e+04   0.000000e+00    866s
  372396    7.0003164e+01   3.752673e+04   0.000000e+00    870s
  373473    7.0003169e+01   1.630247e+04   0.000000e+00    875s
  375627    7.0003185e+01   4.088860e+04   0.000000e+00    881s
  377422    7.0003203e+01   9.216976e+03   0.000000e+00    885s
  378858    7.0003209e+01   1.127572e+05   0.000000e+00    891s
  379935    7.0003212e+01   2.210018e+04   0.000000e+00    896s
  381012    7.0003214e+01   4.084467e+04   0.000000e+00    901s
  382089    7.0003219e+01   1.514734e+04   0.000000e+00    906s
  383166    7.0003222e+01   6.131797e+03   0.000000e+00    911s
  384243    7.0003224e+01   2.591460e+04   0.000000e+00    916s
  385320    7.0003228e+01   5.805195e+04   0.000000e+00    921s
  386397    7.0003231e+01   4.204270e+04   0.000000e+00    925s
  388192    7.0003239e+01   1.220104e+04   0.000000e+00    932s
  389269    7.0003242e+01   1.108625e+04   0.000000e+00    936s
  390705    7.0003248e+01   4.877515e+04   0.000000e+00    941s
  392141    7.0003263e+01   1.856114e+04   0.000000e+00    945s
  393218    7.0003266e+01   2.405208e+04   0.000000e+00    950s
  394654    7.0003270e+01   2.798685e+04   0.000000e+00    956s
  396090    7.0003283e+01   1.081924e+04   0.000000e+00    962s
  397167    7.0003286e+01   3.333932e+05   0.000000e+00    966s
  398244    7.0003290e+01   1.691520e+04   0.000000e+00    970s
  399321    7.0003298e+01   5.501247e+04   0.000000e+00    975s
  400398    7.0003302e+01   1.083482e+04   0.000000e+00    980s
  401834    7.0003305e+01   2.110587e+04   0.000000e+00    986s
  402911    7.0003309e+01   2.309734e+04   0.000000e+00    991s
  403988    7.0003311e+01   9.708828e+04   0.000000e+00    997s
  404706    7.0003313e+01   2.173228e+04   0.000000e+00   1001s
  405783    7.0003315e+01   2.264735e+04   0.000000e+00   1007s
  406501    7.0003317e+01   2.311041e+04   0.000000e+00   1011s
  408296    7.0003342e+01   2.577051e+04   0.000000e+00   1017s
  409014    7.0003344e+01   4.931968e+03   0.000000e+00   1021s
  410091    7.0003347e+01   1.492232e+04   0.000000e+00   1026s
  411168    7.0003350e+01   6.096665e+05   0.000000e+00   1030s
  412245    7.0003353e+01   1.643117e+04   0.000000e+00   1036s
  413322    7.0003356e+01   9.418191e+03   0.000000e+00   1041s
  414040    7.0003358e+01   2.714151e+04   0.000000e+00   1045s
  415117    7.0003360e+01   9.747373e+03   0.000000e+00   1051s
  416553    7.0003366e+01   6.513216e+03   0.000000e+00   1057s
  417630    7.0003368e+01   2.272804e+04   0.000000e+00   1061s
  418348    7.0003370e+01   6.520798e+03   0.000000e+00   1065s
  419784    7.0003373e+01   8.281831e+03   0.000000e+00   1072s
  420502    7.0003375e+01   1.469854e+04   0.000000e+00   1076s
  421220    7.0003376e+01   6.669639e+04   0.000000e+00   1080s
  422297    7.0003378e+01   1.935241e+04   0.000000e+00   1087s
  423015    7.0003379e+01   1.377425e+04   0.000000e+00   1091s
  424092    7.0003382e+01   1.324009e+04   0.000000e+00   1096s
  424810    7.0003383e+01   5.001897e+04   0.000000e+00   1101s
  425887    7.0003390e+01   6.032210e+03   0.000000e+00   1106s
  426964    7.0003392e+01   1.954590e+04   0.000000e+00   1112s
  427682    7.0003393e+01   1.434959e+04   0.000000e+00   1115s
  428759    7.0003396e+01   9.584877e+03   0.000000e+00   1121s
  429836    7.0003400e+01   5.791314e+03   0.000000e+00   1127s
  430554    7.0003402e+01   2.040239e+04   0.000000e+00   1132s
  431272    7.0003403e+01   1.977308e+04   0.000000e+00   1136s
  431990    7.0003404e+01   1.824893e+04   0.000000e+00   1140s
  433067    7.0003406e+01   3.700130e+04   0.000000e+00   1147s
  433785    7.0003409e+01   1.057649e+04   0.000000e+00   1151s
  434862    7.0003411e+01   1.345008e+04   0.000000e+00   1157s
  435580    7.0003412e+01   2.396089e+04   0.000000e+00   1161s
  436298    7.0003414e+01   8.828470e+03   0.000000e+00   1166s
  437375    7.0003415e+01   2.010633e+04   0.000000e+00   1172s
  438093    7.0003417e+01   8.334773e+03   0.000000e+00   1176s
  439170    7.0003419e+01   2.093800e+04   0.000000e+00   1182s
  439888    7.0003420e+01   1.538125e+04   0.000000e+00   1185s
  440965    7.0003422e+01   8.470050e+03   0.000000e+00   1191s
  441683    7.0003423e+01   1.204213e+04   0.000000e+00   1195s
  442760    7.0003426e+01   4.329530e+04   0.000000e+00   1202s
  443478    7.0003431e+01   2.162111e+04   0.000000e+00   1205s
  444555    7.0003433e+01   1.040792e+05   0.000000e+00   1211s
  445632    7.0003435e+01   3.846833e+04   0.000000e+00   1217s
  446350    7.0003437e+01   6.310044e+04   0.000000e+00   1221s
  447427    7.0003439e+01   1.551144e+04   0.000000e+00   1227s
  448145    7.0003441e+01   1.034739e+05   0.000000e+00   1231s
  449222    7.0003444e+01   1.308935e+04   0.000000e+00   1236s
  449940    7.0003445e+01   2.782927e+04   0.000000e+00   1240s
  451017    7.0003447e+01   5.345464e+04   0.000000e+00   1247s
  451735    7.0003449e+01   2.513918e+04   0.000000e+00   1251s
  452453    7.0003450e+01   4.052199e+03   0.000000e+00   1255s
  453530    7.0003452e+01   7.572733e+03   0.000000e+00   1262s
  454248    7.0003453e+01   1.623665e+04   0.000000e+00   1266s
  454966    7.0003454e+01   1.020155e+04   0.000000e+00   1271s
  456402    7.0003490e+01   1.411115e+04   0.000000e+00   1277s
  457120    7.0003499e+01   1.188566e+04   0.000000e+00   1281s
  458197    7.0003511e+01   8.637445e+03   0.000000e+00   1286s
  458915    7.0003518e+01   7.467366e+03   0.000000e+00   1290s
  459992    7.0003529e+01   6.451576e+03   0.000000e+00   1296s
  460710    7.0003534e+01   3.901239e+03   0.000000e+00   1301s
  461428    7.0003541e+01   7.100680e+03   0.000000e+00   1305s
  462505    7.0003551e+01   5.637546e+03   0.000000e+00   1311s
  463223    7.0003557e+01   9.088633e+03   0.000000e+00   1316s
  463941    7.0003561e+01   1.869185e+04   0.000000e+00   1321s
  464659    7.0003566e+01   4.407871e+03   0.000000e+00   1325s
  465736    7.0003573e+01   1.106340e+04   0.000000e+00   1332s
  466454    7.0003577e+01   5.795551e+03   0.000000e+00   1337s
  467172    7.0003583e+01   1.938070e+04   0.000000e+00   1342s
  467890    7.0003585e+01   1.645024e+04   0.000000e+00   1347s
  468249    7.0003587e+01   5.200486e+03   0.000000e+00   1350s
  468967    7.0003590e+01   4.129475e+03   0.000000e+00   1355s
  469685    7.0003593e+01   4.794385e+03   0.000000e+00   1361s
  470403    7.0003595e+01   5.609451e+03   0.000000e+00   1367s
  471121    7.0003598e+01   7.630921e+03   0.000000e+00   1372s
  471480    7.0003599e+01   4.690611e+03   0.000000e+00   1375s
  472198    7.0003602e+01   3.301699e+03   0.000000e+00   1381s
  472916    7.0003605e+01   6.066611e+03   0.000000e+00   1386s
  473634    7.0003608e+01   9.066861e+03   0.000000e+00   1392s
  474352    7.0003611e+01   6.144522e+03   0.000000e+00   1397s
  475070    7.0003622e+01   7.207412e+04   0.000000e+00   1402s
  475788    7.0003625e+01   4.954524e+03   0.000000e+00   1407s
  476506    7.0003628e+01   3.539237e+03   0.000000e+00   1412s
  476865    7.0003629e+01   5.643738e+03   0.000000e+00   1415s
  477583    7.0003632e+01   4.530553e+03   0.000000e+00   1421s
  478301    7.0003644e+01   3.340918e+03   0.000000e+00   1426s
  479019    7.0003648e+01   3.259378e+04   0.000000e+00   1431s
  479737    7.0003650e+01   5.446090e+03   0.000000e+00   1437s
  480455    7.0003654e+01   7.116274e+03   0.000000e+00   1442s
  481173    7.0003657e+01   8.494756e+03   0.000000e+00   1447s
  481532    7.0003658e+01   6.828879e+03   0.000000e+00   1450s
  482250    7.0003661e+01   4.460760e+03   0.000000e+00   1456s
  482968    7.0003663e+01   7.169959e+03   0.000000e+00   1461s
  483686    7.0003667e+01   8.964279e+03   0.000000e+00   1467s
  484404    7.0003671e+01   4.422683e+03   0.000000e+00   1473s
  484763    7.0003672e+01   6.486983e+03   0.000000e+00   1476s
  485481    7.0003675e+01   4.523746e+03   0.000000e+00   1481s
  486558    7.0003731e+01   5.713319e+03   0.000000e+00   1488s
  486917    7.0003732e+01   6.637385e+03   0.000000e+00   1490s
  487635    7.0003736e+01   1.067449e+04   0.000000e+00   1495s
  488353    7.0003741e+01   7.494018e+03   0.000000e+00   1500s
  489071    7.0003743e+01   3.088797e+03   0.000000e+00   1505s
  489789    7.0003746e+01   3.928834e+04   0.000000e+00   1510s
  490507    7.0003751e+01   1.429691e+04   0.000000e+00   1516s
  491225    7.0003754e+01   5.351203e+03   0.000000e+00   1521s
  491943    7.0003756e+01   1.038197e+04   0.000000e+00   1527s
  492661    7.0003763e+01   9.522141e+03   0.000000e+00   1532s
  493379    7.0003766e+01   1.224285e+04   0.000000e+00   1537s
  494097    7.0003768e+01   7.027678e+03   0.000000e+00   1543s
  494456    7.0003769e+01   2.415014e+03   0.000000e+00   1546s
  495174    7.0003771e+01   3.572911e+03   0.000000e+00   1551s
  495892    7.0003773e+01   9.099350e+03   0.000000e+00   1557s
  496610    7.0003776e+01   5.328865e+03   0.000000e+00   1563s
  496969    7.0003777e+01   9.576312e+03   0.000000e+00   1566s
  497687    7.0003779e+01   7.377091e+03   0.000000e+00   1571s
  498405    7.0003782e+01   2.855558e+04   0.000000e+00   1577s
  499123    7.0003784e+01   5.124166e+03   0.000000e+00   1582s
  499841    7.0003787e+01   1.154906e+04   0.000000e+00   1587s
  500559    7.0003789e+01   2.880595e+03   0.000000e+00   1593s
  500918    7.0003791e+01   1.421990e+04   0.000000e+00   1595s
  501636    7.0003793e+01   9.707731e+03   0.000000e+00   1601s
  502354    7.0003796e+01   1.098258e+04   0.000000e+00   1606s
  503072    7.0003799e+01   7.536707e+03   0.000000e+00   1612s
  503790    7.0003803e+01   4.726384e+04   0.000000e+00   1618s
  504508    7.0003829e+01   1.225919e+04   0.000000e+00   1621s
  505226    7.0003833e+01   5.738907e+04   0.000000e+00   1626s
  505944    7.0003840e+01   3.351630e+04   0.000000e+00   1630s
  506662    7.0003844e+01   2.102862e+04   0.000000e+00   1636s
  507380    7.0003848e+01   2.470200e+04   0.000000e+00   1640s
  508457    7.0003860e+01   5.236736e+04   0.000000e+00   1646s
  509175    7.0003866e+01   4.253325e+04   0.000000e+00   1650s
  510252    7.0003872e+01   8.053133e+03   0.000000e+00   1656s
  510970    7.0003876e+01   1.399349e+04   0.000000e+00   1661s
  511688    7.0003878e+01   8.222862e+03   0.000000e+00   1666s
  512406    7.0003881e+01   6.922236e+03   0.000000e+00   1671s
  513124    7.0003884e+01   2.341015e+04   0.000000e+00   1676s
  513842    7.0003887e+01   5.182329e+03   0.000000e+00   1682s
  514560    7.0003892e+01   9.748425e+03   0.000000e+00   1686s
  515278    7.0003895e+01   2.183152e+04   0.000000e+00   1691s
  515996    7.0003897e+01   1.768206e+04   0.000000e+00   1697s
  516714    7.0003900e+01   8.034865e+03   0.000000e+00   1701s
  517432    7.0003979e+01   1.647115e+04   0.000000e+00   1706s
  518509    7.0003987e+01   2.222378e+04   0.000000e+00   1711s
  519227    7.0003992e+01   1.004410e+05   0.000000e+00   1715s
  520304    7.0004002e+01   2.305781e+04   0.000000e+00   1722s
  521022    7.0004005e+01   7.274097e+03   0.000000e+00   1727s
  521740    7.0004016e+01   5.045439e+03   0.000000e+00   1732s
  522458    7.0004018e+01   6.566640e+03   0.000000e+00   1737s
  523176    7.0004020e+01   3.919691e+03   0.000000e+00   1742s
  523535    7.0004021e+01   6.295664e+03   0.000000e+00   1745s
  524253    7.0004023e+01   7.405447e+03   0.000000e+00   1751s
  524971    7.0004026e+01   4.338857e+03   0.000000e+00   1756s
  525689    7.0004028e+01   9.872944e+03   0.000000e+00   1762s
  526407    7.0004030e+01   4.445605e+03   0.000000e+00   1767s
  526766    7.0004031e+01   4.947772e+03   0.000000e+00   1770s
  527484    7.0004033e+01   6.402343e+03   0.000000e+00   1776s
  528202    7.0004035e+01   2.338811e+03   0.000000e+00   1782s
  528561    7.0004036e+01   4.495750e+03   0.000000e+00   1785s
  529279    7.0004038e+01   9.070535e+03   0.000000e+00   1791s
  529997    7.0004041e+01   5.463353e+03   0.000000e+00   1796s
  530715    7.0004042e+01   8.456863e+03   0.000000e+00   1802s
  531074    7.0004043e+01   4.536976e+03   0.000000e+00   1805s
  531792    7.0004045e+01   3.234155e+03   0.000000e+00   1811s
  532510    7.0004047e+01   5.281538e+03   0.000000e+00   1817s
  533228    7.0004048e+01   4.196433e+03   0.000000e+00   1823s
  533587    7.0004049e+01   5.143574e+03   0.000000e+00   1826s
  534305    7.0004051e+01   6.499561e+03   0.000000e+00   1832s
  535023    7.0004053e+01   3.073682e+03   0.000000e+00   1837s
  535382    7.0004054e+01   3.527465e+03   0.000000e+00   1840s
  536100    7.0004055e+01   3.088245e+03   0.000000e+00   1846s
  536818    7.0004057e+01   3.909726e+03   0.000000e+00   1852s
  537177    7.0004058e+01   2.748233e+03   0.000000e+00   1855s
  537895    7.0004059e+01   1.177112e+04   0.000000e+00   1861s
  538613    7.0004061e+01   6.002635e+03   0.000000e+00   1867s
  539331    7.0004062e+01   8.472839e+03   0.000000e+00   1873s
  539690    7.0004063e+01   8.654541e+03   0.000000e+00   1876s
  540408    7.0004065e+01   2.770231e+03   0.000000e+00   1882s
  540767    7.0004066e+01   2.886909e+04   0.000000e+00   1885s
  541485    7.0004067e+01   4.872825e+03   0.000000e+00   1891s
  542203    7.0004069e+01   1.603515e+04   0.000000e+00   1898s
  542562    7.0004070e+01   5.769223e+03   0.000000e+00   1901s
  543280    7.0004071e+01   3.234857e+03   0.000000e+00   1907s
  543998    7.0004073e+01   1.844838e+03   0.000000e+00   1912s
  544357    7.0004074e+01   2.314251e+03   0.000000e+00   1915s
  545075    7.0004076e+01   5.361634e+03   0.000000e+00   1921s
  545793    7.0004077e+01   2.166589e+03   0.000000e+00   1927s
  546511    7.0004097e+01   3.250883e+03   0.000000e+00   1931s
  547588    7.0004120e+01   1.344047e+04   0.000000e+00   1938s
  547947    7.0004121e+01   2.336170e+03   0.000000e+00   1941s
  548665    7.0004122e+01   1.817621e+03   0.000000e+00   1947s
  549024    7.0004123e+01   6.104967e+03   0.000000e+00   1950s
  549742    7.0004124e+01   1.350633e+03   0.000000e+00   1956s
  550460    7.0004126e+01   7.550163e+03   0.000000e+00   1962s
  551178    7.0004128e+01   3.472772e+03   0.000000e+00   1968s
  551537    7.0004129e+01   3.456660e+03   0.000000e+00   1971s
  552255    7.0004130e+01   3.525781e+03   0.000000e+00   1977s
  552614    7.0004131e+01   2.242916e+03   0.000000e+00   1980s
  553332    7.0004133e+01   4.465095e+03   0.000000e+00   1986s
  554050    7.0004135e+01   2.614043e+03   0.000000e+00   1993s
  554409    7.0004135e+01   4.461353e+03   0.000000e+00   1996s
  555127    7.0004137e+01   5.441642e+03   0.000000e+00   2002s
  555486    7.0004137e+01   2.049275e+03   0.000000e+00   2005s
  556204    7.0004139e+01   6.378662e+03   0.000000e+00   2012s
  556922    7.0004140e+01   1.850095e+03   0.000000e+00   2018s
  557281    7.0004141e+01   1.822010e+03   0.000000e+00   2022s
  557999    7.0004142e+01   2.858674e+03   0.000000e+00   2028s
  558358    7.0004143e+01   4.481324e+03   0.000000e+00   2031s
  559076    7.0004144e+01   3.786040e+03   0.000000e+00   2037s
  559435    7.0004145e+01   2.227237e+03   0.000000e+00   2040s
  560153    7.0004146e+01   3.017494e+03   0.000000e+00   2046s
  560871    7.0004148e+01   3.422331e+03   0.000000e+00   2053s
  561230    7.0004148e+01   2.851336e+03   0.000000e+00   2056s
  561948    7.0004150e+01   2.776964e+03   0.000000e+00   2062s
  562307    7.0004151e+01   2.148823e+03   0.000000e+00   2065s
  563025    7.0004153e+01   3.756359e+03   0.000000e+00   2071s
  563743    7.0004154e+01   4.668734e+03   0.000000e+00   2078s
  564102    7.0004155e+01   3.003642e+03   0.000000e+00   2081s
  564820    7.0004157e+01   2.336134e+03   0.000000e+00   2087s
  565179    7.0004157e+01   1.206614e+03   0.000000e+00   2090s
  565897    7.0004159e+01   3.774572e+03   0.000000e+00   2097s
  566615    7.0004160e+01   2.635149e+03   0.000000e+00   2103s
  566974    7.0004161e+01   2.621447e+03   0.000000e+00   2106s
  567692    7.0004162e+01   2.076220e+03   0.000000e+00   2112s
  568410    7.0004163e+01   1.531368e+03   0.000000e+00   2118s
  568769    7.0004164e+01   1.305240e+03   0.000000e+00   2122s
  569487    7.0004165e+01   1.891915e+03   0.000000e+00   2128s
  569846    7.0004166e+01   9.740994e+03   0.000000e+00   2131s
  570564    7.0004167e+01   5.610855e+03   0.000000e+00   2137s
  570923    7.0004168e+01   2.389105e+03   0.000000e+00   2140s
  571641    7.0004169e+01   1.988164e+03   0.000000e+00   2147s
  572359    7.0004170e+01   2.454399e+03   0.000000e+00   2153s
  572718    7.0004171e+01   4.280783e+03   0.000000e+00   2156s
  573436    7.0004172e+01   3.708456e+03   0.000000e+00   2162s
  573795    7.0004173e+01   1.633746e+03   0.000000e+00   2166s
  574513    7.0004175e+01   4.653144e+03   0.000000e+00   2172s
  575231    7.0004176e+01   3.371605e+03   0.000000e+00   2178s
  575590    7.0004177e+01   2.476647e+03   0.000000e+00   2181s
  576308    7.0004178e+01   2.491654e+03   0.000000e+00   2187s
  576667    7.0004179e+01   4.381446e+03   0.000000e+00   2191s
  577385    7.0004180e+01   2.236276e+03   0.000000e+00   2197s
  577744    7.0004181e+01   9.988096e+03   0.000000e+00   2200s
  578462    7.0004182e+01   2.522014e+03   0.000000e+00   2206s
  579180    7.0004184e+01   1.983933e+03   0.000000e+00   2213s
  579539    7.0004184e+01   5.810477e+03   0.000000e+00   2216s
  580257    7.0004186e+01   4.756279e+03   0.000000e+00   2222s
  580616    7.0004186e+01   4.720895e+03   0.000000e+00   2225s
  581334    7.0004188e+01   1.118737e+03   0.000000e+00   2232s
  582052    7.0004189e+01   4.789820e+03   0.000000e+00   2238s
  582411    7.0004190e+01   2.259721e+03   0.000000e+00   2241s
  583129    7.0004191e+01   4.483189e+03   0.000000e+00   2248s
  583488    7.0004192e+01   4.529590e+03   0.000000e+00   2251s
  584206    7.0004194e+01   3.677150e+03   0.000000e+00   2257s
  584565    7.0004194e+01   3.648217e+03   0.000000e+00   2261s
  585283    7.0004196e+01   2.615285e+03   0.000000e+00   2267s
  585642    7.0004196e+01   2.099919e+03   0.000000e+00   2270s
  586360    7.0004198e+01   3.199977e+03   0.000000e+00   2276s
  587078    7.0004199e+01   3.290096e+03   0.000000e+00   2283s
  587437    7.0004200e+01   1.226628e+03   0.000000e+00   2286s
  588155    7.0004201e+01   4.717977e+03   0.000000e+00   2292s
  588514    7.0004201e+01   1.452622e+03   0.000000e+00   2295s
  589232    7.0004203e+01   1.362373e+04   0.000000e+00   2301s
  589950    7.0004204e+01   2.917268e+03   0.000000e+00   2307s
  590309    7.0004205e+01   3.409412e+03   0.000000e+00   2311s
  591027    7.0004206e+01   1.094547e+04   0.000000e+00   2317s
  591745    7.0004207e+01   2.017311e+03   0.000000e+00   2323s
  592104    7.0004208e+01   1.697486e+03   0.000000e+00   2326s
  592822    7.0004209e+01   9.583929e+03   0.000000e+00   2333s
  593181    7.0004217e+01   1.431094e+03   0.000000e+00   2335s
  593899    7.0004218e+01   1.605894e+04   0.000000e+00   2342s
  594617    7.0004220e+01   1.594626e+03   0.000000e+00   2348s
  594976    7.0004220e+01   2.554766e+03   0.000000e+00   2351s
  595694    7.0004222e+01   1.777712e+03   0.000000e+00   2358s
  596053    7.0004222e+01   1.007992e+04   0.000000e+00   2361s
  596771    7.0004224e+01   2.607851e+03   0.000000e+00   2367s
  597130    7.0004224e+01   5.033506e+03   0.000000e+00   2370s
  597848    7.0004226e+01   3.498314e+03   0.000000e+00   2377s
  598566    7.0004227e+01   1.757442e+03   0.000000e+00   2383s
  598925    7.0004228e+01   2.764072e+03   0.000000e+00   2386s
  599643    7.0004229e+01   6.350160e+03   0.000000e+00   2392s
  600002    7.0004230e+01   2.249519e+03   0.000000e+00   2396s
  600720    7.0004231e+01   4.755686e+03   0.000000e+00   2402s
  601079    7.0004232e+01   1.011854e+04   0.000000e+00   2405s
  601797    7.0004233e+01   1.431855e+03   0.000000e+00   2412s
  602515    7.0004234e+01   3.313731e+03   0.000000e+00   2418s
  602874    7.0004235e+01   4.377256e+03   0.000000e+00   2421s
  603592    7.0004236e+01   3.106346e+03   0.000000e+00   2428s
  603951    7.0004237e+01   8.730822e+02   0.000000e+00   2431s
  604669    7.0004238e+01   4.140295e+03   0.000000e+00   2437s
  605028    7.0004239e+01   1.154487e+03   0.000000e+00   2440s
  605746    7.0004240e+01   2.228511e+03   0.000000e+00   2447s
  606105    7.0004241e+01   5.132098e+03   0.000000e+00   2450s
  606823    7.0004242e+01   2.247303e+03   0.000000e+00   2457s
  607541    7.0004243e+01   1.929721e+03   0.000000e+00   2463s
  607900    7.0004244e+01   3.220325e+03   0.000000e+00   2466s
  608618    7.0004245e+01   1.496389e+03   0.000000e+00   2473s
  608977    7.0004246e+01   1.763149e+03   0.000000e+00   2476s
  609695    7.0004266e+01   8.116323e+03   0.000000e+00   2481s
  610413    7.0004300e+01   7.366666e+03   0.000000e+00   2486s
  611131    7.0004314e+01   1.543730e+04   0.000000e+00   2491s
  611849    7.0004326e+01   5.156297e+03   0.000000e+00   2496s
  612567    7.0004339e+01   3.168775e+03   0.000000e+00   2501s
  613285    7.0004353e+01   6.178797e+03   0.000000e+00   2505s
  614003    7.0004364e+01   4.233720e+03   0.000000e+00   2510s
  615080    7.0004378e+01   1.927736e+03   0.000000e+00   2517s
  615439    7.0004382e+01   7.194238e+03   0.000000e+00   2520s
  616157    7.0004389e+01   2.144734e+03   0.000000e+00   2526s
  616875    7.0004395e+01   5.718384e+03   0.000000e+00   2531s
  617593    7.0004403e+01   3.438162e+03   0.000000e+00   2537s
  617952    7.0004405e+01   2.798004e+03   0.000000e+00   2540s
  618670    7.0004410e+01   1.354788e+03   0.000000e+00   2546s
  619388    7.0004418e+01   8.315528e+03   0.000000e+00   2551s
  620106    7.0004424e+01   2.828933e+03   0.000000e+00   2557s
  620824    7.0004431e+01   3.799191e+03   0.000000e+00   2562s
  621183    7.0004432e+01   1.049893e+03   0.000000e+00   2565s
  621901    7.0004442e+01   3.083521e+03   0.000000e+00   2571s
  622619    7.0004449e+01   9.782967e+03   0.000000e+00   2577s
  622978    7.0004451e+01   8.046704e+03   0.000000e+00   2580s
  623696    7.0004455e+01   1.960641e+03   0.000000e+00   2586s
  624414    7.0004458e+01   2.455814e+03   0.000000e+00   2592s
  624773    7.0004461e+01   2.002459e+03   0.000000e+00   2595s
  625491    7.0004466e+01   3.561584e+03   0.000000e+00   2602s
  626209    7.0004470e+01   3.165462e+03   0.000000e+00   2607s
  626568    7.0004471e+01   1.139009e+04   0.000000e+00   2610s
  627286    7.0004475e+01   5.152171e+03   0.000000e+00   2617s
  628004    7.0004478e+01   1.351048e+04   0.000000e+00   2623s
  628363    7.0004479e+01   2.186571e+03   0.000000e+00   2626s
  629081    7.0004483e+01   2.665070e+03   0.000000e+00   2633s
  629440    7.0004484e+01   7.535944e+03   0.000000e+00   2636s
  630158    7.0004487e+01   9.645060e+02   0.000000e+00   2642s
  630517    7.0004488e+01   1.463944e+03   0.000000e+00   2645s
  631235    7.0004492e+01   2.330053e+03   0.000000e+00   2652s
  631594    7.0004494e+01   8.724458e+02   0.000000e+00   2655s
  632312    7.0004497e+01   5.373251e+03   0.000000e+00   2662s
  633030    7.0004501e+01   2.659303e+03   0.000000e+00   2668s
  633389    7.0004502e+01   2.153373e+03   0.000000e+00   2671s
  634107    7.0004506e+01   2.161537e+03   0.000000e+00   2678s
  634466    7.0004508e+01   1.590907e+03   0.000000e+00   2681s
  635184    7.0004512e+01   3.949445e+03   0.000000e+00   2687s
  635543    7.0004513e+01   1.966791e+03   0.000000e+00   2690s
  636261    7.0004517e+01   1.680666e+03   0.000000e+00   2696s
  636979    7.0004523e+01   3.328505e+03   0.000000e+00   2702s
  637338    7.0004525e+01   9.347896e+03   0.000000e+00   2705s
  638056    7.0004528e+01   1.590464e+03   0.000000e+00   2712s
  638415    7.0004529e+01   2.609233e+03   0.000000e+00   2715s
  639133    7.0004532e+01   1.473268e+03   0.000000e+00   2722s
  639492    7.0004534e+01   2.520341e+03   0.000000e+00   2725s
  640210    7.0004537e+01   5.033284e+03   0.000000e+00   2731s
  640928    7.0004540e+01   1.967102e+03   0.000000e+00   2738s
  641287    7.0004542e+01   1.427856e+03   0.000000e+00   2741s
  642005    7.0004544e+01   3.605722e+03   0.000000e+00   2748s
  642364    7.0004545e+01   1.330074e+03   0.000000e+00   2751s
  643082    7.0004548e+01   1.310585e+04   0.000000e+00   2758s
  643441    7.0004549e+01   1.090575e+04   0.000000e+00   2761s
  644119    7.0004552e+01   6.137474e+03   0.000000e+00   2767s
  644478    7.0004554e+01   3.255341e+03   0.000000e+00   2770s
  645196    7.0004556e+01   1.560868e+03   0.000000e+00   2777s
  645914    7.0004559e+01   2.067256e+03   0.000000e+00   2783s
  646273    7.0004560e+01   4.878567e+03   0.000000e+00   2786s
  646991    7.0004563e+01   1.950442e+03   0.000000e+00   2793s
  647350    7.0004564e+01   8.986003e+02   0.000000e+00   2796s
  648068    7.0004568e+01   1.937723e+03   0.000000e+00   2802s
  648427    7.0004569e+01   1.218196e+03   0.000000e+00   2805s
  649145    7.0004572e+01   4.064647e+03   0.000000e+00   2812s
  649863    7.0004575e+01   3.136307e+03   0.000000e+00   2818s
  650222    7.0004577e+01   2.173517e+03   0.000000e+00   2821s
  650940    7.0004581e+01   1.652331e+03   0.000000e+00   2827s
  651658    7.0004584e+01   1.365035e+05   0.000000e+00   2833s
  652017    7.0004587e+01   2.627536e+04   0.000000e+00   2836s
  652735    7.0004590e+01   2.627541e+04   0.000000e+00   2842s
  653453    7.0004593e+01   2.531716e+03   0.000000e+00   2848s
  653812    7.0004595e+01   8.106609e+03   0.000000e+00   2851s
  654530    7.0004597e+01   1.812142e+03   0.000000e+00   2857s
  654889    7.0004599e+01   5.676111e+03   0.000000e+00   2860s
  655607    7.0004601e+01   1.227551e+04   0.000000e+00   2866s
  656325    7.0004605e+01   2.365202e+03   0.000000e+00   2873s
  656684    7.0004606e+01   1.617220e+03   0.000000e+00   2876s
  657402    7.0004609e+01   1.309974e+03   0.000000e+00   2882s
  657761    7.0004610e+01   5.117500e+03   0.000000e+00   2885s
  658479    7.0004613e+01   2.424519e+03   0.000000e+00   2891s
  659197    7.0004616e+01   1.728569e+03   0.000000e+00   2897s
  659556    7.0004618e+01   9.896431e+02   0.000000e+00   2900s
  660274    7.0004620e+01   1.480017e+03   0.000000e+00   2907s
  660633    7.0004621e+01   6.828066e+02   0.000000e+00   2910s
  661351    7.0004624e+01   4.007218e+03   0.000000e+00   2917s
  662069    7.0004627e+01   1.799268e+03   0.000000e+00   2923s
  662428    7.0004628e+01   2.870523e+03   0.000000e+00   2926s
  663146    7.0004631e+01   1.025140e+03   0.000000e+00   2932s
  663505    7.0004632e+01   4.617999e+03   0.000000e+00   2935s
  664223    7.0004636e+01   2.280941e+03   0.000000e+00   2941s
  664941    7.0004639e+01   1.632694e+03   0.000000e+00   2948s
  665300    7.0004640e+01   2.886428e+03   0.000000e+00   2951s
  666018    7.0004642e+01   6.905864e+03   0.000000e+00   2958s
  666377    7.0004644e+01   1.116738e+04   0.000000e+00   2961s
  667095    7.0004647e+01   1.372472e+04   0.000000e+00   2967s
  667454    7.0004648e+01   1.164321e+03   0.000000e+00   2970s
  668172    7.0004651e+01   2.800126e+03   0.000000e+00   2976s
  668890    7.0004655e+01   1.750727e+04   0.000000e+00   2982s
  669249    7.0004657e+01   1.275710e+03   0.000000e+00   2985s
  669967    7.0004660e+01   1.152806e+03   0.000000e+00   2992s
  670685    7.0004662e+01   8.305639e+03   0.000000e+00   2998s
  671044    7.0004664e+01   1.093587e+04   0.000000e+00   3001s
  671762    7.0004667e+01   3.060111e+03   0.000000e+00   3007s
  672121    7.0004669e+01   1.256674e+03   0.000000e+00   3010s
  672839    7.0004672e+01   1.565903e+03   0.000000e+00   3016s
  673557    7.0004676e+01   6.770132e+03   0.000000e+00   3022s
  674275    7.0004679e+01   1.259965e+03   0.000000e+00   3028s
  674634    7.0004681e+01   5.795626e+03   0.000000e+00   3031s
  675352    7.0004685e+01   7.253449e+03   0.000000e+00   3037s
  675711    7.0004686e+01   3.089411e+03   0.000000e+00   3041s
  676429    7.0004689e+01   2.511371e+03   0.000000e+00   3047s
  676788    7.0004691e+01   4.154026e+03   0.000000e+00   3050s
  677506    7.0004695e+01   6.092309e+03   0.000000e+00   3056s
  678224    7.0004698e+01   1.213775e+03   0.000000e+00   3063s
  678583    7.0004700e+01   1.211860e+03   0.000000e+00   3066s
  679301    7.0004703e+01   1.832185e+03   0.000000e+00   3072s
  680019    7.0004707e+01   1.359022e+03   0.000000e+00   3078s
  680378    7.0004709e+01   4.689591e+03   0.000000e+00   3081s
  681096    7.0004713e+01   5.805776e+03   0.000000e+00   3087s
  681814    7.0004720e+01   4.108743e+03   0.000000e+00   3092s
  682173    7.0004723e+01   2.108092e+04   0.000000e+00   3095s
  682891    7.0004730e+01   1.303168e+04   0.000000e+00   3100s
  683609    7.0004737e+01   1.391601e+04   0.000000e+00   3106s
  684686    7.1254327e+01   7.489223e+03   0.000000e+00   3111s
  685404    7.1254366e+01   1.572824e+04   0.000000e+00   3115s
  686122    7.1254372e+01   1.007104e+04   0.000000e+00   3121s
  686840    7.1254378e+01   1.750899e+04   0.000000e+00   3127s
  687558    7.1254382e+01   7.790268e+03   0.000000e+00   3132s
  687917    7.1254383e+01   1.787684e+03   0.000000e+00   3135s
  688635    7.1254386e+01   2.318667e+03   0.000000e+00   3142s
  689353    7.1254390e+01   4.748616e+03   0.000000e+00   3148s
  689712    7.1254392e+01   2.283030e+03   0.000000e+00   3151s
  690430    7.1254396e+01   3.332812e+03   0.000000e+00   3157s
  691148    7.1254399e+01   1.172236e+04   0.000000e+00   3163s
  691507    7.1254401e+01   1.951113e+03   0.000000e+00   3166s
  692225    7.1254408e+01   4.792704e+03   0.000000e+00   3172s
  692943    7.1254414e+01   4.044730e+03   0.000000e+00   3177s
  693302    7.1254417e+01   3.390899e+03   0.000000e+00   3180s
  694020    7.1254436e+01   6.069626e+03   0.000000e+00   3185s
  694738    7.1254439e+01   6.849305e+03   0.000000e+00   3191s
  695456    7.1254442e+01   1.683317e+04   0.000000e+00   3198s
  695815    7.1254444e+01   3.146185e+03   0.000000e+00   3201s
  696533    7.1254447e+01   2.889680e+03   0.000000e+00   3207s
  696892    7.1254449e+01   7.422199e+03   0.000000e+00   3210s
  697610    7.1254452e+01   3.395418e+03   0.000000e+00   3216s
  698328    7.1254457e+01   2.316683e+03   0.000000e+00   3223s
  698687    7.1254458e+01   2.654079e+03   0.000000e+00   3226s
  699405    7.1254461e+01   2.606243e+03   0.000000e+00   3232s
  699764    7.1254463e+01   8.756373e+03   0.000000e+00   3235s
  700482    7.1254465e+01   2.592357e+03   0.000000e+00   3242s
  700841    7.1254466e+01   2.165236e+03   0.000000e+00   3245s
  701559    7.1254469e+01   1.424661e+03   0.000000e+00   3252s
  701918    7.1254470e+01   5.635918e+03   0.000000e+00   3255s
  702636    7.1254472e+01   1.684910e+03   0.000000e+00   3262s
  702995    7.1254474e+01   4.287725e+03   0.000000e+00   3265s
  703713    7.1254476e+01   1.513511e+03   0.000000e+00   3272s
  704072    7.1254477e+01   2.644965e+03   0.000000e+00   3275s
  704790    7.1254479e+01   1.074464e+03   0.000000e+00   3282s
  705149    7.1254480e+01   3.292868e+03   0.000000e+00   3285s
  705867    7.1254483e+01   1.438103e+03   0.000000e+00   3292s
  706226    7.1254484e+01   9.299322e+02   0.000000e+00   3295s
  706944    7.1254486e+01   1.209141e+03   0.000000e+00   3302s
  707303    7.1254487e+01   2.338674e+03   0.000000e+00   3305s
  708021    7.1254489e+01   3.767602e+03   0.000000e+00   3312s
  708380    7.1254491e+01   3.748861e+03   0.000000e+00   3315s
  709098    7.1254493e+01   2.013507e+03   0.000000e+00   3322s
  709457    7.1254494e+01   5.560194e+03   0.000000e+00   3325s
  710175    7.1254497e+01   3.917605e+03   0.000000e+00   3332s
  710534    7.1254497e+01   5.930199e+02   0.000000e+00   3335s
  711252    7.1254499e+01   1.588317e+03   0.000000e+00   3342s
  711611    7.1254500e+01   1.836397e+03   0.000000e+00   3345s
  712329    7.1254502e+01   1.097111e+03   0.000000e+00   3352s
  712688    7.1254503e+01   6.039352e+02   0.000000e+00   3356s
  713406    7.1254505e+01   1.158187e+03   0.000000e+00   3363s
  713765    7.1254506e+01   1.690910e+03   0.000000e+00   3366s
  714483    7.1254507e+01   1.660105e+03   0.000000e+00   3373s
  714842    7.1254508e+01   5.734325e+02   0.000000e+00   3377s
  715201    7.1254509e+01   4.497142e+02   0.000000e+00   3380s
  715919    7.1254511e+01   1.251758e+03   0.000000e+00   3387s
  716278    7.1254512e+01   1.172735e+03   0.000000e+00   3391s
  716996    7.1254514e+01   1.004921e+03   0.000000e+00   3398s
  717355    7.1254514e+01   9.847547e+03   0.000000e+00   3401s
  718073    7.1254516e+01   8.745479e+02   0.000000e+00   3408s
  718432    7.1254517e+01   2.795990e+03   0.000000e+00   3412s
  718791    7.1254518e+01   9.380189e+02   0.000000e+00   3415s
  719509    7.1254519e+01   7.808385e+02   0.000000e+00   3422s
  719868    7.1254520e+01   1.601180e+04   0.000000e+00   3426s
  720586    7.1254522e+01   1.288665e+03   0.000000e+00   3433s
  720945    7.1254523e+01   7.569314e+02   0.000000e+00   3436s
  721663    7.1254524e+01   6.614640e+02   0.000000e+00   3443s
  722022    7.1254525e+01   9.841902e+02   0.000000e+00   3447s
  722381    7.1254526e+01   3.529728e+03   0.000000e+00   3450s
  723099    7.1254528e+01   3.657486e+03   0.000000e+00   3457s
  723458    7.1254529e+01   1.077562e+03   0.000000e+00   3461s
  724176    7.1254531e+01   8.773927e+02   0.000000e+00   3467s
  724535    7.1254531e+01   2.345114e+03   0.000000e+00   3471s
  725253    7.1254533e+01   3.391427e+03   0.000000e+00   3478s
  725612    7.1254534e+01   1.256379e+03   0.000000e+00   3481s
  726330    7.1254535e+01   1.717820e+03   0.000000e+00   3488s
  726689    7.1254536e+01   8.407113e+02   0.000000e+00   3492s
  727048    7.1254537e+01   2.414653e+03   0.000000e+00   3495s
  727766    7.1254538e+01   2.701337e+03   0.000000e+00   3502s
  728125    7.1254539e+01   9.075642e+02   0.000000e+00   3506s
  728843    7.1254541e+01   1.230695e+03   0.000000e+00   3513s
  729202    7.1254541e+01   8.989537e+02   0.000000e+00   3517s
  729561    7.1254542e+01   1.346047e+03   0.000000e+00   3520s
  730279    7.1254543e+01   4.500152e+03   0.000000e+00   3527s
  730638    7.1254544e+01   1.307919e+03   0.000000e+00   3531s
  731356    7.1254545e+01   6.919937e+03   0.000000e+00   3538s
  731715    7.1254546e+01   1.634729e+03   0.000000e+00   3542s
  732074    7.1254547e+01   3.651535e+03   0.000000e+00   3545s
  732792    7.1254548e+01   7.138965e+02   0.000000e+00   3552s
  733151    7.1254549e+01   6.871917e+02   0.000000e+00   3556s
  733869    7.1254550e+01   7.323856e+02   0.000000e+00   3563s
  734228    7.1254551e+01   1.365003e+03   0.000000e+00   3567s
  734587    7.1254552e+01   3.973360e+04   0.000000e+00   3570s
  735305    7.1254553e+01   6.338200e+02   0.000000e+00   3577s
  735664    7.1254554e+01   2.461255e+03   0.000000e+00   3581s
  736382    7.1254555e+01   2.164709e+04   0.000000e+00   3588s
  736741    7.1254556e+01   1.390422e+03   0.000000e+00   3592s
  737100    7.1254556e+01   9.094468e+02   0.000000e+00   3595s
  737818    7.1254558e+01   2.847390e+03   0.000000e+00   3602s
  738177    7.1254558e+01   5.224491e+02   0.000000e+00   3606s
  738895    7.1254560e+01   1.227199e+03   0.000000e+00   3613s
  739254    7.1254560e+01   7.938164e+02   0.000000e+00   3616s
  739972    7.1254563e+01   8.836020e+02   0.000000e+00   3623s
  740331    7.1254563e+01   4.814897e+02   0.000000e+00   3627s
  740690    7.1254564e+01   6.891314e+02   0.000000e+00   3630s
  741408    7.1254566e+01   2.305730e+03   0.000000e+00   3637s
  741767    7.1254566e+01   3.600939e+02   0.000000e+00   3641s
  742485    7.1254567e+01   6.058620e+02   0.000000e+00   3648s
  742844    7.1254568e+01   6.031898e+02   0.000000e+00   3652s
  743203    7.1254569e+01   1.675959e+03   0.000000e+00   3655s
  743921    7.1254570e+01   3.163497e+03   0.000000e+00   3662s
  744280    7.1254570e+01   6.682484e+02   0.000000e+00   3666s
  744998    7.1254572e+01   1.545429e+03   0.000000e+00   3673s
  745357    7.1254572e+01   7.078022e+02   0.000000e+00   3677s
  745716    7.1254573e+01   6.153133e+03   0.000000e+00   3680s
  746434    7.1254575e+01   1.910384e+03   0.000000e+00   3687s
  746793    7.1254575e+01   8.057532e+02   0.000000e+00   3691s
  747511    7.1254577e+01   1.551581e+03   0.000000e+00   3698s
  747870    7.1254577e+01   1.600563e+03   0.000000e+00   3702s
  748229    7.1254578e+01   2.488522e+03   0.000000e+00   3705s
  748947    7.1254579e+01   1.450719e+03   0.000000e+00   3712s
  749306    7.1254580e+01   5.607941e+02   0.000000e+00   3716s
  750024    7.1254581e+01   8.106812e+02   0.000000e+00   3723s
  750383    7.1254582e+01   8.161935e+02   0.000000e+00   3727s
  750742    7.1254582e+01   1.185576e+03   0.000000e+00   3730s
  751460    7.1254584e+01   9.700658e+02   0.000000e+00   3738s
  751819    7.1254584e+01   8.521657e+02   0.000000e+00   3741s
  752178    7.1254585e+01   1.157994e+03   0.000000e+00   3745s
  752896    7.1254586e+01   1.496585e+03   0.000000e+00   3752s
  753255    7.1254587e+01   3.634823e+03   0.000000e+00   3756s
  753973    7.1254588e+01   9.903130e+02   0.000000e+00   3763s
  754332    7.1254589e+01   9.293736e+03   0.000000e+00   3767s
  754691    7.1254590e+01   1.417103e+03   0.000000e+00   3770s
  755409    7.1254591e+01   9.391044e+02   0.000000e+00   3777s
  755768    7.1254592e+01   4.219635e+03   0.000000e+00   3781s
  756486    7.1254593e+01   3.150381e+03   0.000000e+00   3788s
  756845    7.1254594e+01   8.572716e+02   0.000000e+00   3792s
  757204    7.1254594e+01   5.336866e+03   0.000000e+00   3795s
  757922    7.1254595e+01   2.637323e+03   0.000000e+00   3803s
  758281    7.1254596e+01   2.010915e+03   0.000000e+00   3806s
  758999    7.1254598e+01   5.990139e+02   0.000000e+00   3813s
  759358    7.1254598e+01   1.583063e+04   0.000000e+00   3817s
  759717    7.1254599e+01   5.941469e+02   0.000000e+00   3821s
  760435    7.1254600e+01   5.974113e+02   0.000000e+00   3828s
  760794    7.1254601e+01   2.302856e+03   0.000000e+00   3832s
  761153    7.1254601e+01   1.017124e+03   0.000000e+00   3835s
  761871    7.1254603e+01   5.605312e+02   0.000000e+00   3842s
  762230    7.1254603e+01   8.431051e+02   0.000000e+00   3846s
  762948    7.1254605e+01   5.031286e+02   0.000000e+00   3853s
  763307    7.1254606e+01   7.300483e+02   0.000000e+00   3857s
  763666    7.1254606e+01   2.502396e+03   0.000000e+00   3860s
  764384    7.1254608e+01   1.082367e+03   0.000000e+00   3867s
  764743    7.1254608e+01   9.174890e+02   0.000000e+00   3871s
  765461    7.1254610e+01   6.842029e+02   0.000000e+00   3878s
  765820    7.1254610e+01   3.802553e+02   0.000000e+00   3882s
  766179    7.1254611e+01   8.936749e+02   0.000000e+00   3885s
  766897    7.1254613e+01   3.457630e+02   0.000000e+00   3892s
  767256    7.1254613e+01   7.964002e+03   0.000000e+00   3896s
  767974    7.1254615e+01   9.287840e+02   0.000000e+00   3903s
  768333    7.1254615e+01   1.081071e+03   0.000000e+00   3907s
  768692    7.1254616e+01   3.623855e+03   0.000000e+00   3910s
  769410    7.1254617e+01   2.971973e+02   0.000000e+00   3918s
  769769    7.1254618e+01   4.604366e+02   0.000000e+00   3922s
  770128    7.1254618e+01   1.523008e+03   0.000000e+00   3925s
  770846    7.1254620e+01   1.016161e+03   0.000000e+00   3932s
  771205    7.1254620e+01   2.557594e+02   0.000000e+00   3936s
  771923    7.1254622e+01   2.873236e+03   0.000000e+00   3943s
  772282    7.1254622e+01   1.243303e+03   0.000000e+00   3947s
  772641    7.1254623e+01   8.993280e+02   0.000000e+00   3951s
  773359    7.1254624e+01   1.152025e+03   0.000000e+00   3958s
  773718    7.1254625e+01   2.500492e+03   0.000000e+00   3962s
  774077    7.1254625e+01   5.505535e+02   0.000000e+00   3965s
  774795    7.1254626e+01   5.078952e+03   0.000000e+00   3973s
  775154    7.1254627e+01   6.651133e+02   0.000000e+00   3976s
  775872    7.1254628e+01   6.428160e+02   0.000000e+00   3984s
  776231    7.1254629e+01   1.438662e+03   0.000000e+00   3987s
  776590    7.1254629e+01   6.430030e+02   0.000000e+00   3991s
  777308    7.1254630e+01   4.430528e+02   0.000000e+00   3998s
  777667    7.1254631e+01   7.051864e+02   0.000000e+00   4002s
  778026    7.1254631e+01   4.124031e+02   0.000000e+00   4006s
  778744    7.1254632e+01   2.987335e+03   0.000000e+00   4013s
  779103    7.1254633e+01   7.500123e+02   0.000000e+00   4017s
  779462    7.1254634e+01   6.285296e+02   0.000000e+00   4020s
  780180    7.1254635e+01   2.848188e+02   0.000000e+00   4027s
  780539    7.1254635e+01   8.904346e+02   0.000000e+00   4031s
  781257    7.1254636e+01   3.565239e+02   0.000000e+00   4039s
  781616    7.1254636e+01   5.598621e+02   0.000000e+00   4042s
  781975    7.1254637e+01   1.187231e+03   0.000000e+00   4046s
  782693    7.1254638e+01   3.828328e+02   0.000000e+00   4053s
  783052    7.1254638e+01   9.851951e+02   0.000000e+00   4057s
  783411    7.1254639e+01   6.753573e+02   0.000000e+00   4061s
  784129    7.1254640e+01   1.163328e+03   0.000000e+00   4068s
  784488    7.1254640e+01   3.970342e+02   0.000000e+00   4072s
  784847    7.1254641e+01   9.530659e+02   0.000000e+00   4076s
  785565    7.1254642e+01   3.515721e+03   0.000000e+00   4083s
  785924    7.1254642e+01   4.273564e+02   0.000000e+00   4086s
  786283    7.1254643e+01   4.222802e+02   0.000000e+00   4090s
  787001    7.1254644e+01   5.089811e+02   0.000000e+00   4098s
  787360    7.1254644e+01   9.346545e+02   0.000000e+00   4101s
  788078    7.1254645e+01   1.459049e+03   0.000000e+00   4109s
  788437    7.1254646e+01   1.406104e+03   0.000000e+00   4112s
  788796    7.1254646e+01   9.983296e+02   0.000000e+00   4116s
  789514    7.1254647e+01   3.456808e+02   0.000000e+00   4124s
  789873    7.1254648e+01   7.635679e+02   0.000000e+00   4127s
  790232    7.1254648e+01   4.246285e+02   0.000000e+00   4131s
  790950    7.1254649e+01   4.121621e+02   0.000000e+00   4138s
  791309    7.1254650e+01   2.134365e+02   0.000000e+00   4142s
  791668    7.1254650e+01   6.278884e+02   0.000000e+00   4146s
  792386    7.1254651e+01   1.394557e+03   0.000000e+00   4153s
  792745    7.1254652e+01   7.789745e+02   0.000000e+00   4156s
  793104    7.1254652e+01   3.954902e+02   0.000000e+00   4160s
  793822    7.1254654e+01   4.576857e+02   0.000000e+00   4168s
  794181    7.1254654e+01   2.935022e+02   0.000000e+00   4171s
  794899    7.1254656e+01   8.017595e+02   0.000000e+00   4178s
  795258    7.1254656e+01   1.250871e+03   0.000000e+00   4182s
  795617    7.1254657e+01   1.990648e+03   0.000000e+00   4185s
  796335    7.1254658e+01   3.230304e+02   0.000000e+00   4193s
  796694    7.1254658e+01   1.172773e+03   0.000000e+00   4197s
  797053    7.1254659e+01   2.858182e+02   0.000000e+00   4200s
  797771    7.1254660e+01   6.917531e+02   0.000000e+00   4208s
  798130    7.1254660e+01   2.644647e+02   0.000000e+00   4211s
  798848    7.1254661e+01   8.829522e+02   0.000000e+00   4218s
  799207    7.1254662e+01   1.019157e+03   0.000000e+00   4222s
  799566    7.1254662e+01   4.870512e+02   0.000000e+00   4226s
  800284    7.1254663e+01   4.262299e+02   0.000000e+00   4233s
  800643    7.1254664e+01   5.784246e+02   0.000000e+00   4237s
  801002    7.1254664e+01   8.577196e+02   0.000000e+00   4241s
  801720    7.1254665e+01   2.083273e+02   0.000000e+00   4248s
  802079    7.1254666e+01   1.086551e+03   0.000000e+00   4252s
  802438    7.1254666e+01   8.574037e+02   0.000000e+00   4255s
  803156    7.1254667e+01   3.684261e+02   0.000000e+00   4263s
  803515    7.1254668e+01   3.626475e+02   0.000000e+00   4267s
  803874    7.1254668e+01   3.004674e+02   0.000000e+00   4270s
  804592    7.1254669e+01   8.404797e+02   0.000000e+00   4278s
  804951    7.1254670e+01   7.255160e+02   0.000000e+00   4282s
  805310    7.1254670e+01   6.978344e+02   0.000000e+00   4285s
  806028    7.1254671e+01   3.983925e+02   0.000000e+00   4293s
  806387    7.1254672e+01   1.306505e+03   0.000000e+00   4296s
  806746    7.1254672e+01   4.362110e+02   0.000000e+00   4300s
  807464    7.1254673e+01   1.317436e+02   0.000000e+00   4308s
  807823    7.1254673e+01   4.420325e+02   0.000000e+00   4311s
  808182    7.1254674e+01   3.196270e+02   0.000000e+00   4315s
  808900    7.1254674e+01   2.243373e+02   0.000000e+00   4323s
  809259    7.1254675e+01   1.301962e+03   0.000000e+00   4326s
  809977    7.1254676e+01   6.755251e+02   0.000000e+00   4334s
  810336    7.1254676e+01   3.920336e+03   0.000000e+00   4338s
  810695    7.1254676e+01   7.286568e+02   0.000000e+00   4341s
  811054    7.1254677e+01   4.106944e+02   0.000000e+00   4345s
  811772    7.1254678e+01   4.736219e+02   0.000000e+00   4353s
  812131    7.1254678e+01   3.420503e+02   0.000000e+00   4356s
  812490    7.1254678e+01   7.469343e+02   0.000000e+00   4360s
  813208    7.1254679e+01   3.189640e+02   0.000000e+00   4368s
  813567    7.1254680e+01   4.757153e+02   0.000000e+00   4371s
  813926    7.1254680e+01   3.295646e+02   0.000000e+00   4375s
  814644    7.1254681e+01   2.004571e+02   0.000000e+00   4383s
  815003    7.1254681e+01   4.219104e+02   0.000000e+00   4387s
  815362    7.1254682e+01   7.447888e+02   0.000000e+00   4390s
  816080    7.1254682e+01   8.216138e+02   0.000000e+00   4398s
  816439    7.1254683e+01   3.776493e+02   0.000000e+00   4402s
  816798    7.1254683e+01   2.596300e+02   0.000000e+00   4405s
  817516    7.1254684e+01   6.046861e+02   0.000000e+00   4413s
  817875    7.1254685e+01   5.612473e+02   0.000000e+00   4416s
  818234    7.1254685e+01   4.943847e+02   0.000000e+00   4420s
  818952    7.1254686e+01   2.385684e+03   0.000000e+00   4428s
  819311    7.1254686e+01   2.387437e+02   0.000000e+00   4431s
  819670    7.1254686e+01   9.055987e+02   0.000000e+00   4435s
  820388    7.1254687e+01   6.560423e+02   0.000000e+00   4443s
  820747    7.1254688e+01   7.193645e+02   0.000000e+00   4446s
  821106    7.1254688e+01   2.977121e+02   0.000000e+00   4450s
  821824    7.1254689e+01   2.606977e+03   0.000000e+00   4458s
  822183    7.1254689e+01   7.371209e+02   0.000000e+00   4462s
  822542    7.1254690e+01   2.707320e+02   0.000000e+00   4466s
  823260    7.1254690e+01   2.123523e+02   0.000000e+00   4473s
  823619    7.1254691e+01   1.244911e+03   0.000000e+00   4477s
  823978    7.1254691e+01   3.826140e+02   0.000000e+00   4481s
  824696    7.1254692e+01   6.393880e+02   0.000000e+00   4488s
  825055    7.1254692e+01   3.265988e+02   0.000000e+00   4492s
  825414    7.1254692e+01   4.101321e+03   0.000000e+00   4496s
  826132    7.1254693e+01   7.574235e+02   0.000000e+00   4503s
  826491    7.1254694e+01   4.883993e+02   0.000000e+00   4507s
  826850    7.1254694e+01   4.140121e+02   0.000000e+00   4511s
  827568    7.1254695e+01   4.051109e+02   0.000000e+00   4519s
  827927    7.1254695e+01   2.944511e+04   0.000000e+00   4522s
  828286    7.1254695e+01   3.369445e+02   0.000000e+00   4526s
  828645    7.1254696e+01   2.605747e+02   0.000000e+00   4530s
  829363    7.1254696e+01   7.184584e+02   0.000000e+00   4538s
  829722    7.1254697e+01   1.252537e+03   0.000000e+00   4542s
  830081    7.1254697e+01   2.468847e+02   0.000000e+00   4545s
  830799    7.1254698e+01   2.235348e+02   0.000000e+00   4553s
  831158    7.1254698e+01   8.577039e+02   0.000000e+00   4557s
  831517    7.1254698e+01   3.170519e+02   0.000000e+00   4561s
  832235    7.1254699e+01   6.481183e+02   0.000000e+00   4568s
  832594    7.1254700e+01   3.086574e+02   0.000000e+00   4572s
  832953    7.1254700e+01   4.751436e+02   0.000000e+00   4576s
  833671    7.1254701e+01   1.804579e+02   0.000000e+00   4584s
  834030    7.1254701e+01   5.185440e+02   0.000000e+00   4587s
  834389    7.1254701e+01   1.715619e+03   0.000000e+00   4591s
  835107    7.1254702e+01   3.881312e+02   0.000000e+00   4599s
  835466    7.1254702e+01   4.377183e+02   0.000000e+00   4602s
  835825    7.1254703e+01   8.085519e+02   0.000000e+00   4606s
  836184    7.1254703e+01   4.065883e+02   0.000000e+00   4610s
  836902    7.1254704e+01   2.480013e+02   0.000000e+00   4618s
  837261    7.1254704e+01   1.387287e+02   0.000000e+00   4622s
  837620    7.1254705e+01   3.745870e+02   0.000000e+00   4625s
  838338    7.1254705e+01   4.278295e+02   0.000000e+00   4633s
  838697    7.1254706e+01   6.018908e+02   0.000000e+00   4637s
  839056    7.1254706e+01   1.452047e+02   0.000000e+00   4641s
  839774    7.1254707e+01   1.003300e+03   0.000000e+00   4648s
  840133    7.1254707e+01   1.097061e+03   0.000000e+00   4652s
  840492    7.1254708e+01   5.840411e+02   0.000000e+00   4656s
  840851    7.1254708e+01   6.214244e+02   0.000000e+00   4660s
  841569    7.1254709e+01   4.041374e+02   0.000000e+00   4668s
  841928    7.1254709e+01   3.872484e+02   0.000000e+00   4671s
  842287    7.1254709e+01   1.689659e+02   0.000000e+00   4675s
  843005    7.1254710e+01   2.085970e+02   0.000000e+00   4683s
  843364    7.1254710e+01   4.613926e+02   0.000000e+00   4687s
  843723    7.1254710e+01   2.222510e+02   0.000000e+00   4691s
  844441    7.1254711e+01   3.865969e+02   0.000000e+00   4699s
  844800    7.1254711e+01   4.080562e+02   0.000000e+00   4702s
  845159    7.1254712e+01   8.280016e+01   0.000000e+00   4706s
  845518    7.1254712e+01   5.544784e+02   0.000000e+00   4710s
  846236    7.1254713e+01   6.536492e+02   0.000000e+00   4718s
  846595    7.1254713e+01   1.214267e+02   0.000000e+00   4722s
  846954    7.1254713e+01   1.474804e+03   0.000000e+00   4726s
  847672    7.1254715e+01   9.836387e+02   0.000000e+00   4733s
  848031    7.1254716e+01   6.381646e+03   0.000000e+00   4737s
  848390    7.1254717e+01   2.288914e+03   0.000000e+00   4741s
  849108    7.1254719e+01   1.706619e+04   0.000000e+00   4749s
  849467    7.1254720e+01   6.200832e+03   0.000000e+00   4753s
  849826    7.1254721e+01   3.504196e+03   0.000000e+00   4756s
  850185    7.1254721e+01   1.688601e+03   0.000000e+00   4760s
  850903    7.1254723e+01   1.573697e+03   0.000000e+00   4768s
  851262    7.1254724e+01   1.906986e+03   0.000000e+00   4772s
  851621    7.1254725e+01   7.052620e+03   0.000000e+00   4775s
  852339    7.1254727e+01   4.229557e+03   0.000000e+00   4783s
  852698    7.1254728e+01   3.168428e+03   0.000000e+00   4787s
  853057    7.1254729e+01   1.198974e+03   0.000000e+00   4790s
  853775    7.1254731e+01   1.744220e+03   0.000000e+00   4798s
  854134    7.1254732e+01   1.775816e+03   0.000000e+00   4802s
  854493    7.1254732e+01   1.217029e+03   0.000000e+00   4806s
  855211    7.1254734e+01   7.736173e+02   0.000000e+00   4813s
  855570    7.1254735e+01   9.435197e+02   0.000000e+00   4817s
  855929    7.1254735e+01   2.512850e+04   0.000000e+00   4820s
  856647    7.1254737e+01   1.057259e+03   0.000000e+00   4828s
  857006    7.1254738e+01   1.963496e+03   0.000000e+00   4832s
  857365    7.1254738e+01   2.103757e+03   0.000000e+00   4836s
  858083    7.1254739e+01   1.517873e+03   0.000000e+00   4843s
  858442    7.1254740e+01   2.251641e+03   0.000000e+00   4847s
  858801    7.1254740e+01   3.383429e+02   0.000000e+00   4851s
  859519    7.1254741e+01   1.938882e+03   0.000000e+00   4858s
  859878    7.1254742e+01   4.256730e+02   0.000000e+00   4862s
  860237    7.1254742e+01   4.052922e+02   0.000000e+00   4866s
  860955    7.1254743e+01   3.169283e+02   0.000000e+00   4873s
  861314    7.1254744e+01   1.088634e+03   0.000000e+00   4877s
  861673    7.1254744e+01   3.614179e+02   0.000000e+00   4881s
  862391    7.1254745e+01   4.696426e+02   0.000000e+00   4888s
  862750    7.1254745e+01   2.051733e+03   0.000000e+00   4892s
  863109    7.1254745e+01   5.272574e+01   0.000000e+00   4896s
  863827    7.1254745e+01   3.672702e+01   0.000000e+00   4903s
  864186    7.1254746e+01   1.157828e+02   0.000000e+00   4907s
  864545    7.1254746e+01   2.039616e+02   0.000000e+00   4911s
  865263    7.1254746e+01   1.077320e+01   0.000000e+00   4918s
  865622    7.1254746e+01   1.746876e+01   0.000000e+00   4922s
  865981    7.1254746e+01   1.157543e+01   0.000000e+00   4926s
  866675    7.1254746e+01   0.000000e+00   0.000000e+00   4933s

Root relaxation: objective 7.125000e+01, 866675 iterations, 4930.77 seconds
Total elapsed time = 5167.28s
Total elapsed time = 5784.43s
Total elapsed time = 6296.23s
Total elapsed time = 6578.81s

    Nodes    |    Current Node    |     Objective Bounds      |     Work
 Expl Unexpl |  Obj  Depth IntInf | Incumbent    BestBd   Gap | It/Node Time

     0     0   71.25000    0  436          -   71.25000      -     - 6982s
H    0     0                    690930.00000   71.25000   100%     - 7005s
     0     0   71.25000    0 1269 690930.000   71.25000   100%     - 11763s
     0     0   71.25000    0 1451 690930.000   71.25000   100%     - 23596s
     0     0   71.25000    0 1287 690930.000   71.25000   100%     - 34725s
     0     0   71.25000    0 1535 690930.000   71.25000   100%     - 45929s
     0     0   71.25000    0  349 690930.000   71.25000   100%     - 64187s
H    0     0                    5635.0000000   71.25000  98.7%     - 64212s
     0     0   71.25000    0  788 5635.00000   71.25000  98.7%     - 67604s
     0     0   71.25000    0  344 5635.00000   71.25000  98.7%     - 79999s

Cutting planes:
  Gomory: 2
  Cover: 47
  Implied bound: 154
  Clique: 14
  MIR: 191
  Flow cover: 246
  Zero half: 1

Explored 0 nodes (9172341 simplex iterations) in 79999.80 seconds
Thread count was 8 (of 8 available processors)

Solve interrupted
Best objective 5.635000000000e+03, best bound 7.125000000000e+01, gap 98.7356%

Solution:
0 47 3 34 38 45 8 16 23 12 28 20 33 44 10 49 1 6 48 
0 0 0 0 0 0 0 0 0 0 0 0 0 0 0 0 0 0 0 

Cost: 5635
Lower Bound: 71.25
