Optimize a model with 1221 rows, 8379 columns and 25630 nonzeros
Model has 380 quadratic objective terms
Model has 400 quadratic constraints
Coefficient statistics:
  Matrix range    [1e+00, 1e+03]
  Objective range [0e+00, 0e+00]
  Bounds range    [1e+00, 2e+01]
  RHS range       [1e+00, 4e+03]
Presolve removed 79 rows and 1064 columns
Presolve time: 0.04s
Presolved: 28066 rows, 20767 columns, 102066 nonzeros
Variable types: 13832 continuous, 6935 integer (6916 binary)

Root relaxation: objective 0.000000e+00, 10957 iterations, 2.22 seconds

    Nodes    |    Current Node    |     Objective Bounds      |     Work
 Expl Unexpl |  Obj  Depth IntInf | Incumbent    BestBd   Gap | It/Node Time

     0     0    0.00000    0   74          -    0.00000      -     -    4s
H    0     0                    2480.0000000    0.00000   100%     -    4s
H    0     0                    2169.5000000    0.00000   100%     -    5s
     0     0    0.00000    0  194 2169.50000    0.00000   100%     -    7s
     0     0    0.00000    0  190 2169.50000    0.00000   100%     -    8s
     0     0    0.00000    0  260 2169.50000    0.00000   100%     -   11s
     0     0    0.00000    0  240 2169.50000    0.00000   100%     -   12s
     0     0    0.00000    0   62 2169.50000    0.00000   100%     -   24s
     0     0    0.00000    0   81 2169.50000    0.00000   100%     -   25s
     0     0    0.00000    0   73 2169.50000    0.00000   100%     -   33s
H    0     0                    1326.5000000    0.00000   100%     -   33s
     0     0    0.00000    0   71 1326.50000    0.00000   100%     -   33s
     0     0    0.00000    0   59 1326.50000    0.00000   100%     -   46s
     0     0    0.00000    0   99 1326.50000    0.00000   100%     -   63s
     0     0    0.00000    0   99 1326.50000    0.00000   100%     -   70s
     0     2    0.00000    0   99 1326.50000    0.00000   100%     -   88s
     2     4    0.00000    2  148 1326.50000    0.00000   100% 11065   90s
     4     5   17.45000    3  270 1326.50000    0.00000   100% 10631   97s
     5     8    0.00000    3  281 1326.50000    0.00000   100% 10446  103s
     9    14    0.00000    4  248 1326.50000    0.00000   100%  7114  106s
    13    16    0.00000    5  184 1326.50000    0.00000   100%  5287  111s
    22    26    0.00000    7  144 1326.50000    0.00000   100%  4787  118s
    30    30    0.00000    8  200 1326.50000    0.00000   100%  4153  125s
    46    48    0.00000   10  108 1326.50000    0.00000   100%  3395  131s
    55    54    0.00000   11   97 1326.50000    0.00000   100%  3148  136s
    69    71    0.00000   14   94 1326.50000    0.00000   100%  2877  142s
    75    77   17.60000   14  235 1326.50000    0.00000   100%  2993  149s
    79    80    0.00000   15  229 1326.50000    0.00000   100%  3177  156s
    90    87   10.00000   16  308 1326.50000    0.00000   100%  3040  163s
    98   100    0.00000   16  239 1326.50000    0.00000   100%  3007  167s
   106   107   12.05263   17  267 1326.50000    0.00000   100%  2992  171s
   115   116    0.00000   19  138 1326.50000    0.00000   100%  2973  179s
   122   127    0.00000   20  138 1326.50000    0.00000   100%  3375  192s
H  123   127                    1049.5000000    0.00000   100%  3347  192s
   131   130   20.00000   21  111 1049.50000    0.00000   100%  3263  200s
   143   142   40.50000   24  227 1049.50000    0.00000   100%  3200  208s
   158   161   40.50000   32  262 1049.50000    0.00000   100%  3097  216s
   165   166   40.50000   33  209 1049.50000    0.00000   100%  3118  223s
   185   184   40.50000   36  340 1049.50000    0.00000   100%  3036  236s
   195   198   59.90000   36  348 1049.50000    0.00000   100%  3009  243s
   204   202   54.72222   37  341 1049.50000    0.00000   100%  3037  250s
   217   221   40.50000   40  101 1049.50000    0.00000   100%  3003  258s
   238   238   53.60000   44  159 1049.50000    0.00000   100%  2989  266s
   256   255  130.83333   45  153 1049.50000    0.00000   100%  2918  274s
   283   287   47.50000   48  301 1049.50000    0.00000   100%  2808  281s
   295   294   40.50000   49  137 1049.50000    0.00000   100%  2831  288s
   334   334   40.50000   55  368 1049.50000    0.00000   100%  2675  297s
   365   364   46.05000   56  225 1049.50000    0.00000   100%  2591  307s
   395   395   52.94444   60  307 1049.50000    0.00000   100%  2540  315s
   426   423   77.31287   63  340 1049.50000    0.00000   100%  2503  326s
   452   454   52.94444   67  198 1049.50000    0.00000   100%  2510  336s
   508   500   52.94444   71  136 1049.50000    0.00000   100%  2394  345s
   549   538   57.15497   74  263 1049.50000    0.00000   100%  2334  356s
   595   580  255.09444   85  364 1049.50000    0.00000   100%  2295  366s
   620   604  264.09444   91  246 1049.50000    0.00000   100%  2318  377s
   650   633  264.09444  101  144 1049.50000    0.00000   100%  2330  388s
   679   661  264.09444  105  368 1049.50000    0.00000   100%  2356  398s
   715   700  264.09444  112  231 1049.50000    0.00000   100%  2345  409s
   758   738  285.83129  121  262 1049.50000    0.00000   100%  2333  420s
   812   797  426.04489  136  265 1049.50000    0.00000   100%  2306  434s
   862   839  318.36068  145  301 1049.50000    0.00000   100%  2293  446s
H  922   888                    1011.7500000    0.00000   100%  2239  446s
   940   918  331.88700  160  291 1011.75000    0.00000   100%  2238  458s
H  961   927                     902.5000000    0.00000   100%  2231  458s
  1022   987  432.88700  168  250  902.50000    0.00000   100%  2124  472s
  1088  1050  441.65170  189  201  902.50000    0.00000   100%  2092  484s
H 1166  1107                     815.4166667    0.00000   100%  2038  484s
  1194  1151  463.01469  207  233  815.41667    0.00000   100%  2008  498s
  1291  1240  119.40000   17  271  815.41667    0.00000   100%  1959  513s
  1447  1378  191.10526   11   99  815.41667    0.00000   100%  1835  533s
  1449  1379  176.63655  124   73  815.41667   80.20000  90.2%  1833  559s
  1450  1380   80.29412   53   92  815.41667   80.29412  90.2%  1831  573s
  1451  1381   80.50000   34  188  815.41667   80.50000  90.1%  1830  578s
  1452  1381  458.28645  144   95  815.41667   80.50000  90.1%  1829  606s
  1453  1382  119.40000   18  169  815.41667   80.50000  90.1%  1828  611s
  1454  1383   94.50000   25   66  815.41667   80.50000  90.1%  1826  645s
  1455  1383  166.66667   74  195  815.41667   80.50000  90.1%  1825  653s
  1456  1384  111.57353   13   83  815.41667   80.50000  90.1%  1824  682s
  1457  1385   80.50000   38  200  815.41667   80.50000  90.1%  1823  693s
  1458  1385  179.54386  105  121  815.41667   80.50000  90.1%  1821  720s
  1459  1386  211.48684   79  160  815.41667   80.50000  90.1%  1820  727s
  1460  1387  627.42647  160   55  815.41667   80.50000  90.1%  1819  756s
  1461  1387  233.54154   88  117  815.41667   80.50000  90.1%  1818  763s
  1462  1388  111.57353   19  114  815.41667   80.50000  90.1%  1816  797s
  1463  1389  702.58442  122  135  815.41667   80.50000  90.1%  1815  802s
  1464  1389  159.45511   52   80  815.41667   80.50000  90.1%  1814  827s
  1465  1390  125.85000  123   89  815.41667   80.50000  90.1%  1813  832s
  1466  1391  145.10526   14   47  815.41667   80.50000  90.1%  1811  867s
  1467  1391  191.10526   11   93  815.41667   80.50000  90.1%  1810  880s
  1468  1392  320.47647  138   94  815.41667   80.50000  90.1%  1809  928s
  1469  1393  176.63655  124   69  815.41667   80.50000  90.1%  1808  939s
  1471  1395   80.50000   34   99  815.41667   80.50000  90.1%  2244  946s
  1473  1396  119.40000   18   56  815.41667   80.50000  90.1%  2241  971s
  1474  1397   94.50000   25   65  815.41667   80.50000  90.1%  2240 1008s
  1475  1398  166.66667   74  194  815.41667   80.50000  90.1%  2238 1017s
  1476  1398  111.57353   13   52  815.41667   80.50000  90.1%  2237 1045s
H 1476  1328                     687.4166667   80.50000  88.3%  2237 1050s
  1478  1330  179.54386  105   73  687.41667   80.50000  88.3%  2234 1075s
  1479  1330  211.48684   79  159  687.41667   80.50000  88.3%  2232 1082s
  1480  1331  627.42647  160   63  687.41667   80.50000  88.3%  2230 1107s
  1481  1332  233.54154   88  205  687.41667   80.50000  88.3%  2229 1116s
H 1481  1265                     628.0000000   80.50000  87.2%  2229 1155s
  1483  1266  628.00000  122  263  628.00000   80.50000  87.2%  2226 1173s
  1484  1267  159.45511   52   74  628.00000   80.50000  87.2%  2224 1209s
  1485  1267  125.85000  123  198  628.00000   80.50000  87.2%  2223 1220s
  1486  1268  145.10526   14  170  628.00000   80.50000  87.2%  2221 1263s
  1487  1269  191.10526   11  315  628.00000   80.50000  87.2%  2220 1277s
  1488  1269  320.47647  138  204  628.00000   80.50000  87.2%  2219 1327s
  1489  1270  176.63655  124  112  628.00000   80.50000  87.2%  2217 1362s
  1490  1271   80.50000   53  112  628.00000   80.50000  87.2%  2216 1397s
  1491  1273   84.31250   24  223  628.00000   80.50000  87.2%  2631 1434s
  1492  1274   80.50000   24  255  628.00000   80.50000  87.2%  2638 1459s
  1493  1275   88.12500   25  143  628.00000   84.79730  86.5%  2637 1468s
  1494  1275  105.56250   25  399  628.00000   84.79730  86.5%  2640 1499s
  1495  1276  100.80000   26  249  628.00000   84.79730  86.5%  2644 1518s
  1496  1277  111.00000   26  250  628.00000   84.79730  86.5%  2646 1535s
  1497  1275  112.83333   27  232  628.00000   84.79730  86.5%  2649 1552s
  1498  1280  112.30000   27  299  628.00000   84.79730  86.5%  2654 1586s
  1501  1286  132.00000   28  200  628.00000  101.00000  83.9%  2658 1635s
  1510  1291  124.00000   29  207  628.00000  105.75000  83.2%  2663 1696s
  1524  1297  124.00000   30  169  628.00000  105.75000  83.2%  2668 1757s
  1541  1308  124.00000   31  127  628.00000  105.75000  83.2%  2666 1809s
  1574  1328  124.00000   35  327  628.00000  105.75000  83.2%  2660 1875s
  1607  1349  124.00000   36  257  628.00000  105.75000  83.2%  2659 1929s
  1634  1369  124.00000   37  223  628.00000  105.75000  83.2%  2665 1986s
  1684  1398  124.00000   41  118  628.00000  105.75000  83.2%  2663 2045s
  1730  1433  124.00000   47  186  628.00000  105.75000  83.2%  2681 2102s
  1782  1465  124.00000   51  119  628.00000  105.75000  83.2%  2691 2176s
  1858  1517  124.00000   54  247  628.00000  105.75000  83.2%  2686 2235s
H 1862  1452                     586.7500000  105.75000  82.0%  2689 2235s
  1980  1522  124.00000   60  226  586.75000  105.75000  82.0%  2661 2302s
  2123  1595  153.45139   67  316  586.75000  105.75000  82.0%  2582 2362s
  2329  1723  124.00000   73  131  586.75000  105.75000  82.0%  2473 2422s
  2510  1818  124.00000   77  130  586.75000  105.75000  82.0%  2421 2486s
  2714  1922  142.05000   84  372  586.75000  105.75000  82.0%  2381 2548s
  2903  2047  124.00000   91  126  586.75000  105.75000  82.0%  2344 2611s
  3142  2184  159.16667  100  215  586.75000  105.75000  82.0%  2318 2677s
  3372  2286  159.16667  108  169  586.75000  105.75000  82.0%  2290 2744s
  3790  2511  178.55556  127  143  586.75000  105.75000  82.0%  2198 2821s
  3983  2605  159.30990  140  292  586.75000  105.75000  82.0%  2197 2894s
  4289  2747  160.32549  165  326  586.75000  105.75000  82.0%  2150 2977s
  4670  2924  172.61180  204  228  586.75000  105.75000  82.0%  2074 3056s
  5049  3137  198.93168  239  248  586.75000  105.75000  82.0%  2042 3136s
H 5343  3382                     583.4000000  105.75000  81.9%  2010 3136s
H 5509  3419                     549.5666667  105.75000  80.8%  1988 3215s
  5764  3633  218.88258  288  126  549.56667  105.75000  80.8%  1964 3298s
  6075  3939  231.25758  310   81  549.56667  105.75000  80.8%  1967 3389s
  6420  4236  309.85758  352  112  549.56667  114.23500  79.2%  1955 3483s
  7063  4770  147.86990   84  441  549.56667  115.20833  79.0%  1906 3585s
  8114  5652  410.72222  188  120  549.56667  117.44231  78.6%  1761 3703s
  8453  5936  163.87500   86  238  549.56667  117.44231  78.6%  1734 3809s
  9019  6450  161.60000  238  212  549.56667  117.44231  78.6%  1716 3921s
  9796  7047  329.57059  312  197  549.56667  119.00000  78.3%  1676 4031s
 10251  7398  300.83333  120   79  549.56667  119.21053  78.3%  1655 4155s
 11160  8236  279.48533  197  236  549.56667  119.21053  78.3%  1597 4288s
 12078  9012  347.80642  120  193  549.56667  119.21053  78.3%  1554 4412s
 12903  9755     cutoff  207       549.56667  119.21053  78.3%  1543 4524s
 13807 10552  256.42500  108  189  549.56667  119.21053  78.3%  1521 4641s
 14661 11318  160.84942   82  332  549.56667  119.94118  78.2%  1490 4746s
 15750 12226  145.14257   96  296  549.56667  119.94118  78.2%  1452 4852s
H16075 12083                     505.6666667  119.94118  76.3%  1457 4852s
 16399 12372  183.77778  121  195  505.66667  119.94118  76.3%  1438 4952s
 17207 13107  224.29167  197  116  505.66667  120.55000  76.2%  1415 5050s
H17831 13500                     497.8333333  120.55000  75.8%  1400 5050s
 18011 13652  430.52742  127  235  497.83333  120.84211  75.7%  1395 5151s
H19014 14538                     497.8333333  120.84211  75.7%  1367 5239s
 19580 15056  233.84249  113  212  497.83333  120.84211  75.7%  1357 5333s
 20250 15637  361.00310   75  422  497.83333  120.84211  75.7%  1354 5420s
 20880 16180  416.21667  145   99  497.83333  120.84211  75.7%  1351 6716s
 20882 16181  308.22619  171   55  497.83333  120.84211  75.7%  1351 6743s
 20883 16182  312.60758  326  120  497.83333  120.84211  75.7%  1351 6775s
 20884 16183  248.88097  213  215  497.83333  120.84211  75.7%  1351 6782s
 20885 16183  206.10299  138  341  497.83333  120.84211  75.7%  1351 6871s
 20886 16184  201.95752  206  541  497.83333  120.84211  75.7%  1351 6945s
 20887 16185  454.00965  147  147  497.83333  120.84211  75.7%  1351 7058s
 20888 16185  234.41571  160  408  497.83333  120.84211  75.7%  1351 7141s
 20889 16186  239.83846  155  146  497.83333  120.84211  75.7%  1351 7263s
 20890 16187  209.85556   69  388  497.83333  120.84211  75.7%  1351 7339s
 20891 16187  270.66538  110  253  497.83333  120.84211  75.7%  1351 7517s
 20892 16188  223.18203  159  947  497.83333  120.84211  75.7%  1351 7622s
 20893 16189  281.24971  102  947  497.83333  120.84211  75.7%  1351 7857s
 20894 16189  226.79568   82 1006  497.83333  120.84211  75.7%  1351 7931s
 20895 16190  226.85556  116  875  497.83333  120.84211  75.7%  1350 8085s
 20896 16191  264.58048  143  997  497.83333  120.84211  75.7%  1350 8169s
 20897 16191  348.00208  187  876  497.83333  120.84211  75.7%  1350 8308s
 20898 16192  216.40000   53  926  497.83333  120.84211  75.7%  1350 8398s
 20899 16193  171.08553   83  753  497.83333  120.84211  75.7%  1350 8534s
 20900 16193  416.21667  145  866  497.83333  120.84211  75.7%  1350 8606s
 20901 16194  320.41474  218  735  497.83333  120.84211  75.7%  1350 8726s
 20902 16195  308.22619  171  803  497.83333  120.84211  75.7%  1350 8806s
 20903 16195  312.60758  326  746  497.83333  120.84211  75.7%  1350 8957s
 20904 16196  248.88097  213  833  497.83333  120.84211  75.7%  1350 9056s
H20904 15385                     497.8333332  120.84211  75.7%  1350 9184s
 20906 15386  201.95752  206  729  497.83333  120.84211  75.7%  1350 9280s
 20907 15387  454.00965  147  580  497.83333  120.84211  75.7%  1350 9404s
 20908 15388  234.41571  160  681  497.83333  120.84211  75.7%  1350 9499s
 20909 15388  239.83846  155  397  497.83333  120.84211  75.7%  1350 9634s
 20910 15389  209.85556   69  673  497.83333  120.84211  75.7%  1349 9696s
 20911 15390  270.66538  110  548  497.83333  120.84211  75.7%  1349 9798s
 20912 15390  223.18203  159  640  497.83333  120.84211  75.7%  1349 9863s
 20913 15391  281.24971  102  831  497.83333  120.84211  75.7%  1349 9976s
 20914 15392  226.79568   82  886  497.83333  120.84211  75.7%  1349 10038s
 20915 15392  226.85556  116  739  497.83333  120.84211  75.7%  1349 10139s
 20916 15393  264.58048  143  806  497.83333  120.84211  75.7%  1349 10199s
 20917 15394  348.00208  187  711  497.83333  120.84211  75.7%  1349 10289s
H20917 14624                     497.8333332  120.84211  75.7%  1349 10343s
 20919 14625  171.08553   83  669  497.83333  120.84211  75.7%  1349 10460s
 20920 14626  416.21667  145  769  497.83333  120.84211  75.7%  1349 10523s
 20921 14626  320.41474  218  698  497.83333  120.84211  75.7%  1349 10619s
H20921 13894                     497.8333331  120.84211  75.7%  1349 10680s
H20921 13199                     494.3333333  120.84211  75.6%  1349 10680s
 20923 13201  312.60758  326  546  494.33333  120.84211  75.6%  1349 10788s
 20924 13201  248.88097  213  599  494.33333  120.84211  75.6%  1349 10851s
 20925 13202  206.10299  138  531  494.33333  120.84211  75.6%  1349 10967s
 20926 13203  201.95752  206  678  494.33333  120.84211  75.6%  1348 11034s
 20927 13203  454.00965  147  537  494.33333  120.84211  75.6%  1348 11150s
 20928 13204  234.41571  160  544  494.33333  120.84211  75.6%  1348 11210s
 20929 13205  239.83846  155  497  494.33333  120.84211  75.6%  1348 11335s
H20929 12543                     477.6666667  120.84211  74.7%  1348 11403s
 20931 12544  270.66538  110  797  477.66667  120.84211  74.7%  1348 11501s
 20932 12545  223.18203  159  739  477.66667  120.84211  74.7%  1348 11560s
 20933 12545  281.24971  102  414  477.66667  120.84211  74.7%  1348 11668s
 20934 12546  226.79568   82  603  477.66667  120.84211  74.7%  1348 11728s
 20935 12547  226.85556  116  612  477.66667  120.84211  74.7%  1348 11828s
 20936 12547  264.58048  143  736  477.66667  120.84211  74.7%  1348 11894s
 20937 12548  348.00208  187  799  477.66667  120.84211  74.7%  1348 12007s
 20938 12549  216.40000   53  888  477.66667  120.84211  74.7%  1348 12057s
 20939 12549  171.08553   83  745  477.66667  120.84211  74.7%  1348 12176s
 20940 12550  416.21667  145  829  477.66667  120.84211  74.7%  1348 12234s
 20941 12551  320.41474  218  793  477.66667  120.84211  74.7%  1347 12321s
 20942 12551  308.22619  171  826  477.66667  120.84211  74.7%  1347 12397s
 20943 12552  312.60758  326  769  477.66667  120.84211  74.7%  1347 12489s
 20944 12553  248.88097  213  835  477.66667  120.84211  74.7%  1347 12535s
 20945 12553  206.10299  138  779  477.66667  120.84211  74.7%  1347 12618s
 20946 12554  201.95752  206  816  477.66667  120.84211  74.7%  1347 12672s
 20947 12555  454.00965  147  886  477.66667  120.84211  74.7%  1347 12766s
 20948 12555  234.41571  160  881  477.66667  120.84211  74.7%  1347 12817s
 20949 12556  239.83846  155  832  477.66667  120.84211  74.7%  1347 12918s
 20950 12557  209.85556   69  798  477.66667  120.84211  74.7%  1347 12973s
 20951 12557  270.66538  110  709  477.66667  120.84211  74.7%  1347 13062s
 20952 12558  223.18203  159  963  477.66667  120.84211  74.7%  1347 13131s
 20953 12559  281.24971  102  658  477.66667  120.84211  74.7%  1347 13219s
 20954 12559  226.79568   82  940  477.66667  120.84211  74.7%  1347 13298s
 20955 12560  226.85556  116  864  477.66667  120.84211  74.7%  1347 13398s
 20956 12561  264.58048  143  882  477.66667  120.84211  74.7%  1347 13474s
 20957 12561  348.00208  187 1003  477.66667  120.84211  74.7%  1346 13583s
 20958 12562  216.40000   53  999  477.66667  120.84211  74.7%  1346 13648s
 20959 12563  171.08553   83  949  477.66667  120.84211  74.7%  1346 13726s
 20960 12563  416.21667  145  971  477.66667  120.84211  74.7%  1346 13786s
 20961 12564  320.41474  218  978  477.66667  120.84211  74.7%  1346 13866s
 20962 12565  308.22619  171 1136  477.66667  120.84211  74.7%  1346 13916s
 20963 12565  312.60758  326 1029  477.66667  120.84211  74.7%  1346 13974s
 20964 12566  248.88097  213 1024  477.66667  120.84211  74.7%  1346 14011s
 20965 12567  206.10299  138 1053  477.66667  120.84211  74.7%  1346 14049s
 20966 12567  201.95752  206 1072  477.66667  120.84211  74.7%  1346 14084s
 20967 12568  454.00965  147 1120  477.66667  120.84211  74.7%  1346 14139s
 20968 12569  234.41571  160 1156  477.66667  120.84211  74.7%  1346 14187s
 20969 12569  239.83846  155 1116  477.66667  120.84211  74.7%  1346 14239s
 20970 12570  209.85556   69 1136  477.66667  120.84211  74.7%  1346 14301s
 20971 12571  270.66538  110 1109  477.66667  120.84211  74.7%  1346 14336s
 20972 12571  223.18203  159 1174  477.66667  120.84211  74.7%  1346 14364s
 20973 12572  281.24971  102 1141  477.66667  120.84211  74.7%  1345 14397s
 20974 12573  226.79568   82 1180  477.66667  120.84211  74.7%  1345 14427s
 20975 12573  226.85556  116 1207  477.66667  120.84211  74.7%  1345 14463s
 20976 12574  264.58048  143 1189  477.66667  120.84211  74.7%  1345 14522s
 20977 12575  348.00208  187 1228  477.66667  120.84211  74.7%  1345 14554s
 20978 12575  216.40000   53 1172  477.66667  120.84211  74.7%  1345 14595s
 20979 12576  171.08553   83 1295  477.66667  120.84211  74.7%  1345 14625s
 20980 12577  416.21667  145 1253  477.66667  120.84211  74.7%  1345 14649s
 20981 12577  320.41474  218 1193  477.66667  120.84211  74.7%  1345 14682s
 20982 12578  308.22619  171 1291  477.66667  120.84211  74.7%  1345 14716s
 20983 12579  312.60758  326 1294  477.66667  120.84211  74.7%  1345 14758s
 20984 12579  248.88097  213 1281  477.66667  120.84211  74.7%  1345 14787s
 20985 12580  206.10299  138 1200  477.66667  120.84211  74.7%  1345 14819s
 20986 12581  201.95752  206 1277  477.66667  120.84211  74.7%  1345 14850s
 20987 12581  454.00965  147 1249  477.66667  120.84211  74.7%  1345 14883s
 20988 12582  234.41571  160 1242  477.66667  120.84211  74.7%  1344 14921s
 20989 12583  239.83846  155 1253  477.66667  120.84211  74.7%  1344 14955s
 20990 12583  209.85556   69 1306  477.66667  120.84211  74.7%  1344 14981s
 20991 12584  270.66538  110 1258  477.66667  120.84211  74.7%  1344 15010s
 20992 12585  223.18203  159 1269  477.66667  120.84211  74.7%  1344 15035s
 20993 12585  281.24971  102 1306  477.66667  120.84211  74.7%  1344 15070s
 20994 12586  226.79568   82 1434  477.66667  120.84211  74.7%  1344 15097s
 20995 12587  226.85556  116 1316  477.66667  120.84211  74.7%  1344 15131s
 20996 12587  264.58048  143 1373  477.66667  120.84211  74.7%  1344 15163s
 20997 12588  348.00208  187 1334  477.66667  120.84211  74.7%  1344 15196s
 20998 12589  216.40000   53 1341  477.66667  120.84211  74.7%  1344 15222s
 20999 12589  171.08553   83 1327  477.66667  120.84211  74.7%  1344 15254s
 21000 12590  416.21667  145 1391  477.66667  120.84211  74.7%  1344 15282s
H21000 11959                     415.6666667  120.84211  70.9%  1344 15317s
 21002 11960  308.22619  171 1314  415.66667  120.84211  70.9%  1344 15343s
 21003 11961  312.60758  326 1369  415.66667  120.84211  70.9%  1344 15378s
 21004 11962  248.88097  213 1412  415.66667  120.84211  70.9%  1343 15409s
 21005 11962  206.10299  138 1430  415.66667  120.84211  70.9%  1343 15444s
 21006 11963  201.95752  206 1490  415.66667  120.84211  70.9%  1343 15472s
 21007 11964  415.66667  147 1436  415.66667  120.84211  70.9%  1343 15508s
 21008 11964  234.41571  160 1457  415.66667  120.84211  70.9%  1343 15534s
 21009 11965  239.83846  155 1416  415.66667  120.84211  70.9%  1343 15566s
 21010 11966  209.85556   69 1429  415.66667  120.84211  70.9%  1343 15591s
 21011 11966  270.66538  110 1399  415.66667  120.84211  70.9%  1343 15623s
 21012 11967  223.18203  159 1450  415.66667  120.84211  70.9%  1343 15654s
 21013 11968  281.24971  102 1427  415.66667  120.84211  70.9%  1343 15687s
 21014 11968  226.79568   82 1388  415.66667  120.84211  70.9%  1343 15718s
 21015 11969  226.85556  116 1485  415.66667  120.84211  70.9%  1343 15753s
 21016 11970  264.58048  143 1445  415.66667  120.84211  70.9%  1343 15785s
 21017 11970  348.00208  187 1478  415.66667  120.84211  70.9%  1343 15824s
 21018 11971  216.40000   53 1544  415.66667  120.84211  70.9%  1343 15851s
 21019 11972  171.08553   83 1456  415.66667  120.84211  70.9%  1342 15886s
 21020 11972  415.66667  145 1535  415.66667  120.84211  70.9%  1342 15912s
 21021 11973  320.41474  218 1563  415.66667  120.84211  70.9%  1342 15945s
 21022 11974  308.22619  171 1507  415.66667  120.84211  70.9%  1342 15975s
 21023 11974  312.60758  326 1560  415.66667  120.84211  70.9%  1342 16011s
 21024 11975  248.88097  213 1469  415.66667  120.84211  70.9%  1342 16039s
H21024 11374                     415.6666666  120.84211  70.9%  1342 16075s
 21026 11375  201.95752  206 1499  415.66667  120.84211  70.9%  1342 16108s
 21027 11376  415.66667  147 1448  415.66667  120.84211  70.9%  1342 16144s
 21028 11377  234.41571  160 1424  415.66667  120.84211  70.9%  1342 16177s
 21029 11377  239.83846  155 1455  415.66667  120.84211  70.9%  1342 16213s
 21030 11378  209.85556   69 1495  415.66667  120.84211  70.9%  1342 16234s
 21031 11379  270.66538  110 1431  415.66667  120.84211  70.9%  1342 16266s
 21032 11379  223.18203  159 1432  415.66667  120.84211  70.9%  1342 16289s
 21033 11380  281.24971  102 1391  415.66667  120.84211  70.9%  1342 16323s
 21034 11381  226.79568   82 1435  415.66667  120.84211  70.9%  1342 16349s
 21035 11381  226.85556  116 1415  415.66667  120.84211  70.9%  1341 16380s
 21036 11382  264.58048  143 1414  415.66667  121.54954  70.8%  1341 16408s
 21037 11383  348.00208  187 1413  415.66667  121.54954  70.8%  1341 16435s
 21038 11383  216.40000   53 1418  415.66667  122.05556  70.6%  1341 16461s
 21039 11384  171.08553   83 1421  415.66667  122.05556  70.6%  1341 16495s
 21040 11385  415.66667  145 1424  415.66667  122.05556  70.6%  1341 16518s
 21041 11385  320.41474  218 1394  415.66667  122.05556  70.6%  1341 16539s
 21042 11386  308.22619  171 1419  415.66667  122.09114  70.6%  1341 16563s
 21043 11387  312.60758  326 1430  415.66667  122.09114  70.6%  1341 16606s
 21044 11387  248.88097  213 1428  415.66667  122.16667  70.6%  1341 16629s
 21045 11388  206.10299  138 1430  415.66667  122.16667  70.6%  1341 16667s
 21046 11389  201.95752  206 1426  415.66667  122.16667  70.6%  1341 16690s
 21047 11389  415.66667  147 1423  415.66667  122.16667  70.6%  1341 16724s
 21048 11390  234.41571  160 1424  415.66667  122.16667  70.6%  1341 16748s
 21049 11391  239.83846  155 1411  415.66667  122.16667  70.6%  1341 16777s
 21050 11391  209.85556   69 1369  415.66667  122.16667  70.6%  1341 16799s
 21051 11392  270.66538  110 1406  415.66667  122.16667  70.6%  1340 16822s
 21052 11393  223.18203  159 1429  415.66667  122.16667  70.6%  1340 16841s
 21053 11393  281.24971  102 1432  415.66667  122.16667  70.6%  1340 16866s
 21054 11394  226.79568   82 1430  415.66667  122.16667  70.6%  1340 16887s
 21055 11395  226.85556  116 1409  415.66667  122.16667  70.6%  1340 16913s
 21056 11395  264.58048  143 1467  415.66667  122.39333  70.6%  1340 16935s
 21057 11396  348.00208  187 1399  415.66667  122.39333  70.6%  1340 16965s
 21058 11397  216.40000   53 1477  415.66667  123.15333  70.4%  1340 16986s
 21059 11397  171.08553   83 1428  415.66667  123.15333  70.4%  1340 17010s
 21060 11398  415.66667  145 1482  415.66667  124.00000  70.2%  1340 17030s
 21061 11399  320.41474  218 1481  415.66667  124.00000  70.2%  1340 17054s
 21062 11399  308.22619  171 1482  415.66667  124.00000  70.2%  1340 17081s
 21063 11400  312.60758  326 1481  415.66667  124.00000  70.2%  1340 17113s
 21064 11401  248.88097  213 1482  415.66667  124.00000  70.2%  1340 17139s
 21065 11401  206.10299  138 1449  415.66667  124.00000  70.2%  1340 17166s
 21066 11402  201.95752  206 1475  415.66667  124.00000  70.2%  1340 17188s
 21067 11403  415.66667  147 1433  415.66667  124.00000  70.2%  1339 17209s
 21068 11403  234.41571  160 1457  415.66667  124.00000  70.2%  1339 17230s
 21069 11404  239.83846  155 1442  415.66667  124.00000  70.2%  1339 17255s
 21070 11405  209.85556   69 1442  415.66667  124.00000  70.2%  1339 17276s
 21071 11405  270.66538  110 1440  415.66667  124.00000  70.2%  1339 17320s
 21072 11406  223.18203  159 1477  415.66667  124.00000  70.2%  1339 17342s
 21073 11407  281.24971  102 1459  415.66667  124.00000  70.2%  1339 17362s
 21074 11407  226.79568   82 1455  415.66667  124.00000  70.2%  1339 17386s
 21075 11408  226.85556  116 1477  415.66667  124.00000  70.2%  1339 17407s
 21076 11409  264.58048  143 1458  415.66667  124.00000  70.2%  1339 17434s
 21077 11409  348.00208  187 1458  415.66667  124.00000  70.2%  1339 17459s
 21078 11410  216.40000   53 1499  415.66667  124.00000  70.2%  1339 17491s
 21079 11411  171.08553   83 1492  415.66667  124.00000  70.2%  1339 17514s
 21080 11411  415.66667  145 1473  415.66667  124.00000  70.2%  1339 17644s
 21081 11412  320.41474  218 1473  415.66667  124.00000  70.2%  1339 17807s
 21082 11415  124.00000   37 1413  415.66667  124.00000  70.2%  1464 18110s
 21083 11415  134.22815   37 1279  415.66667  124.00000  70.2%  1466 18414s
 21084 11416  124.00000   38 1420  415.66667  124.00000  70.2%  1466 18713s
 21085 11417  131.37364   38 1191  415.66667  124.00000  70.2%  1467 18968s
 21086 11417  124.00000   39 1375  415.66667  124.00000  70.2%  1467 19242s
 21087 11418  145.50831   39 1277  415.66667  124.00000  70.2%  1468 19490s
 21088 11417  127.77893   40 1368  415.66667  124.00000  70.2%  1469 19761s
 21089 11421  154.87811   40 1262  415.66667  127.94468  69.2%  1471 20195s
 21092 11425  152.67213   41 1062  415.66667  131.42131  68.4%  1473 20620s
 21099 11433  146.01869   42 1088  415.66667  131.42131  68.4%  1476 21284s
 21111 11438  155.32814   43 1038  415.66667  135.38560  67.4%  1495 21828s
 21128 11443  169.52541   46 1052  415.66667  135.38560  67.4%  1511 22417s
 21156 11461  161.87209   50 1080  415.66667  135.38560  67.4%  1531 22970s
 21196 11491  172.08530   53  714  415.66667  135.38560  67.4%  1549 23547s
 21257 11531  173.83635   63  823  415.66667  135.38560  67.4%  1566 24140s
 21329 11578  174.21441   73  856  415.66667  135.38560  67.4%  1586 24769s
 21403 11621  177.52478   84  811  415.66667  135.38560  67.4%  1608 25415s
H21474 11081                     415.6666666  135.38560  67.4%  1630 25415s
 21479 11100  190.70812   93  875  415.66667  135.38560  67.4%  1633 26137s
 21558 11137  179.21891  103  947  415.66667  135.38560  67.4%  1660 26859s
 21645 11177  179.45403  112 1054  415.66667  135.38560  67.4%  1687 27572s
 21796 11231  180.45092  125 1019  415.66667  135.38560  67.4%  1707 28338s
 22045 11378  181.40340  138 1088  415.66667  135.38560  67.4%  1728 29105s
 22243 11476  182.24954  154 1106  415.66667  135.38560  67.4%  1754 29892s
 22560 11624  183.65635  169 1151  415.66667  135.38560  67.4%  1773 30762s
 22897 11809  184.07254  186 1169  415.66667  135.38560  67.4%  1794 31610s
 23233 11976  184.72404  200 1189  415.66667  135.38560  67.4%  1813 32760s
 23498 12091  185.07680  214 1175  415.66667  135.38560  67.4%  1847 33907s
 23850 12253  300.03793  228 1194  415.66667  135.38560  67.4%  1872 34870s
 24248 12474  185.88641  240 1132  415.66667  135.38560  67.4%  1889 35852s
 24575 12656  186.57299  259 1209  415.66667  135.38560  67.4%  1921 36852s
H25319 12582                     415.6666665  160.51782  61.4%  1903 36852s
 25356 12607  187.06175  274 1325  415.66667  160.51782  61.4%  1914 37871s
 25824 12875  188.03150  292 1151  415.66667  160.51782  61.4%  1933 38912s
H25864 12384                     415.6666665  160.51782  61.4%  1945 38912s
 26532 12791  188.66701  312 1230  415.66667  160.51782  61.4%  1938 40009s
 27274 13246  189.06941  327 1249  415.66667  160.51782  61.4%  1951 41193s
H28022 13217                     415.6666665  160.51782  61.4%  1980 42430s
 28348 13378  189.92392  375 1278  415.66667  160.51782  61.4%  2028 43679s
 28976 13693  192.61700  399 1265  415.66667  160.51782  61.4%  2052 44972s
H29404 13486                     415.6666664  160.51782  61.4%  2068 44972s
 29775 13698  193.67435  428 1287  415.66667  160.51782  61.4%  2059 46329s
 30547 14171  195.39575  457 1271  415.66667  160.51782  61.4%  2083 47764s
 31793 14889  198.88942  489 1237  415.66667  160.51782  61.4%  2072 49180s
H32187 14250                     404.5833333  160.51782  60.3%  2084 49180s
 32905 14647  200.37815  515 1074  404.58333  160.51782  60.3%  2070 50487s
 34129 15389  200.99662  538 1264  404.58333  160.51782  60.3%  2048 51703s
 35046 15926  202.45266  571 1214  404.58333  160.51782  60.3%  2053 52892s
H35112 14359                     386.3333333  160.51782  58.5%  2067 52892s
 36181 14929  204.11242  604 1311  386.33333  160.51782  58.5%  2044 54007s
 36778 15253  205.05810  637 1252  386.33333  160.51782  58.5%  2065 55133s
 37431 15596  206.13517  675 1285  386.33333  160.51782  58.5%  2083 56218s
 38339 16166  207.90664  712 1269  386.33333  160.51782  58.5%  2081 57267s
 38770 16430  209.17869  745 1199  386.33333  160.51782  58.5%  2105 58329s
 39362 16802  210.79276  783 1290  386.33333  160.51782  58.5%  2123 59389s
 39931 17131  212.49268  816 1242  386.33333  160.51782  58.5%  2145 60471s
 40427 17390  242.27803  851 1078  386.33333  160.51782  58.5%  2172 61497s
H40702 16003                     371.1666667  160.51782  56.8%  2181 61497s
H40809 14582                     355.3333333  160.51782  54.8%  2193 62536s
 41078 14753  216.35515  927 1122  355.33333  160.51782  54.8%  2222 63591s
 41449 14973  246.61853  970 1104  355.33333  160.51782  54.8%  2253 64648s
H41624 14759                     355.3333333  160.51782  54.8%  2273 64648s
 41885 14953  220.20964 1007 1097  355.33333  160.51782  54.8%  2283 65671s
H41967 15035                     355.3333332  160.51782  54.8%  2292 65671s
 42516 15545  221.96876 1048 1251  355.33333  160.51782  54.8%  2299 66891s
H43048 15973                     355.3333332  160.51782  54.8%  2303 66891s
 43141 16066  224.38248 1085 1186  355.33333  160.51782  54.8%  2311 68241s
 43859 16749  226.74229 1127 1202  355.33333  160.51782  54.8%  2322 69526s
 44411 17245  228.94368 1162 1194  355.33333  160.51782  54.8%  2335 70812s
 45277 18092  231.41902 1197 1146  355.33333  160.51782  54.8%  2332 71985s
 45942 18726  232.97880 1227 1177  355.33333  160.51782  54.8%  2336 73245s
 46686 19437  238.12658 1268 1096  355.33333  160.51782  54.8%  2341 74487s
 47382 20076  241.67581 1308 1097  355.33333  160.51782  54.8%  2348 75599s
 48055 20621  245.47738 1346 1062  355.33333  160.51782  54.8%  2352 76731s
 49281 21448  248.15286 1388  977  355.33333  160.51782  54.8%  2328 77888s
 49979 22094  252.14286 1429  971  355.33333  160.51782  54.8%  2330 79027s
 50507 22559  257.45430 1467  963  355.33333  160.51782  54.8%  2342 79999s

Cutting planes:
  Gomory: 4
  Cover: 114
  Implied bound: 2067
  Clique: 2
  MIR: 3619
  Flow cover: 1292
  Zero half: 2

Explored 51292 nodes (120175399 simplex iterations) in 79999.98 seconds
Thread count was 8 (of 8 available processors)

Solve interrupted
Best objective 3.553333331906e+02, best bound 1.605178217147e+02, gap 54.8261%

Solution:
0 18 11 19 10 16 14 12 17 
1 0 0 0 0 0 1 0 0 

Cost: 355.333
Lower Bound: 160.518
