Optimize a model with 6675 rows, 105984 columns and 321631 nonzeros
Model has 2162 quadratic objective terms
Model has 2209 quadratic constraints
Coefficient statistics:
  Matrix range    [1e+00, 1e+03]
  Objective range [0e+00, 0e+00]
  Bounds range    [1e+00, 4e+01]
  RHS range       [1e+00, 1e+04]
Presolve removed 187 rows and 6302 columns
Presolve time: 0.51s
Presolved: 392107 rows, 292468 columns, 1453092 nonzeros
Variable types: 194948 continuous, 97520 integer (97474 binary)

Root simplex log...

Iteration    Objective       Primal Inf.    Dual Inf.      Time
   50074    8.4751837e-04   6.056002e+03   0.000000e+00      5s
   64758    1.0713495e-03   7.468188e+03   0.000000e+00     10s
   69650    1.1237525e-03   1.603144e+04   0.000000e+00     15s
   73451    1.1604981e-03   8.126448e+03   0.000000e+00     20s
   79851    1.2308276e-03   5.090879e+03   0.000000e+00     25s
   86760    1.2789911e-03   5.622509e+03   0.000000e+00     30s
   91366    1.3095834e-03   1.156139e+04   0.000000e+00     35s
   96630    1.3381125e-03   7.111814e+03   0.000000e+00     40s
  101565    1.3603716e-03   5.918797e+03   0.000000e+00     45s
  106829    1.3833401e-03   5.070191e+03   0.000000e+00     50s
  112422    1.4081850e-03   6.057556e+03   0.000000e+00     55s
  116699    1.4258167e-03   3.823660e+03   0.000000e+00     60s
  119660    1.4361310e-03   6.386515e+03   0.000000e+00     65s
  122621    1.4451232e-03   6.244682e+03   0.000000e+00     70s
  127227    1.4610409e-03   8.124153e+03   0.000000e+00     75s
  130517    1.4740802e-03   1.264397e+04   0.000000e+00     80s
  135123    1.4888252e-03   9.700137e+03   0.000000e+00     86s
  137426    1.4966836e-03   1.925285e+04   0.000000e+00     91s
  140387    1.5044506e-03   6.161347e+03   0.000000e+00     95s
  142690    1.5111614e-03   1.797219e+04   0.000000e+00    100s
  145322    1.5188192e-03   4.268284e+04   0.000000e+00    105s
  148283    1.5356055e-03   8.086648e+03   0.000000e+00    110s
  150586    1.5430879e-03   1.056051e+04   0.000000e+00    115s
  153218    1.5504666e-03   1.943814e+04   0.000000e+00    121s
  155850    1.5582135e-03   4.030078e+04   0.000000e+00    125s
  157824    1.5622775e-03   8.190211e+03   0.000000e+00    130s
  159798    1.5673455e-03   2.197722e+04   0.000000e+00    135s
  162101    1.5735269e-03   1.001488e+04   0.000000e+00    140s
  164404    1.5785259e-03   6.581943e+03   0.000000e+00    146s
  166707    1.5852758e-03   1.084571e+04   0.000000e+00    151s
  168352    1.5899542e-03   3.897245e+04   0.000000e+00    156s
  169997    1.5936833e-03   1.040967e+04   0.000000e+00    160s
  171642    1.5968952e-03   1.231398e+04   0.000000e+00    166s
  173616    1.6011882e-03   2.472426e+04   0.000000e+00    171s
  175261    1.6340877e-03   4.347072e+04   0.000000e+00    175s
  177235    1.6855448e-03   7.920623e+04   0.000000e+00    181s
  179209    1.7228262e-03   2.572757e+04   0.000000e+00    185s
  181183    1.7576482e-03   7.081654e+04   0.000000e+00    190s
  183157    1.7843345e-03   2.510446e+05   0.000000e+00    196s
  184473    1.8000638e-03   2.288389e+05   0.000000e+00    201s
  186118    1.8232949e-03   3.737254e+04   0.000000e+00    206s
  187763    1.8480052e-03   2.553334e+04   0.000000e+00    211s
  190395    1.9085794e-03   1.099909e+05   0.000000e+00    215s
  192040    1.9219901e-03   5.115095e+04   0.000000e+00    221s
  193685    1.9548916e-03   2.730506e+04   0.000000e+00    225s
  195330    1.9674844e-03   1.273928e+04   0.000000e+00    230s
  197304    1.9821953e-03   2.162603e+04   0.000000e+00    236s
  198949    1.9940423e-03   1.340794e+04   0.000000e+00    241s
  200265    2.0002090e-03   1.694401e+04   0.000000e+00    245s
  202239    2.0321281e-03   2.896718e+04   0.000000e+00    251s
  203555    2.0420056e-03   1.549258e+04   0.000000e+00    255s
  204871    2.0488000e-03   1.576216e+04   0.000000e+00    260s
  206187    2.0575069e-03   5.565738e+04   0.000000e+00    265s
  207503    2.0631256e-03   4.609656e+04   0.000000e+00    270s
  209148    2.0728005e-03   4.791430e+04   0.000000e+00    276s
  210464    2.0822985e-03   6.406418e+04   0.000000e+00    281s
  212438    2.1211914e-03   7.818382e+04   0.000000e+00    286s
  213754    2.1332508e-03   6.181284e+04   0.000000e+00    290s
  215399    2.1446336e-03   1.034877e+05   0.000000e+00    295s
  217044    2.1572140e-03   3.537161e+04   0.000000e+00    300s
  218689    2.1668173e-03   1.028435e+05   0.000000e+00    306s
  220663    2.1817325e-03   1.106460e+04   0.000000e+00    310s
  222966    2.2277317e-03   2.471727e+04   0.000000e+00    316s
  224282    2.2386472e-03   1.372709e+04   0.000000e+00    320s
  225598    2.2507716e-03   2.220021e+04   0.000000e+00    325s
  227572    2.2695354e-03   3.549463e+04   0.000000e+00    330s
  229217    2.2912873e-03   7.172227e+04   0.000000e+00    335s
  230862    2.2989503e-03   3.645020e+04   0.000000e+00    341s
  232178    2.3052905e-03   7.510052e+04   0.000000e+00    345s
  233823    2.3132857e-03   8.116050e+03   0.000000e+00    351s
  235468    2.3208290e-03   2.528397e+04   0.000000e+00    356s
  236784    2.3280928e-03   1.508904e+05   0.000000e+00    361s
  238100    2.3324260e-03   2.217852e+05   0.000000e+00    365s
  239416    2.3368897e-03   8.974958e+03   0.000000e+00    370s
  241061    2.3468593e-03   7.673547e+03   0.000000e+00    376s
  242377    2.3552086e-03   5.876522e+04   0.000000e+00    381s
  244022    2.3703189e-03   4.045523e+04   0.000000e+00    385s
  245996    2.3842256e-03   9.586807e+03   0.000000e+00    390s
  247641    2.3928828e-03   4.531033e+04   0.000000e+00    395s
  249615    2.4067801e-03   1.524454e+04   0.000000e+00    401s
  251260    2.4256646e-03   9.454539e+03   0.000000e+00    405s
  253234    2.4417305e-03   1.996699e+04   0.000000e+00    411s
  254550    2.4461740e-03   7.071760e+04   0.000000e+00    415s
  256195    2.4576850e-03   7.061720e+04   0.000000e+00    420s
  258498    2.4855914e-03   2.311233e+04   0.000000e+00    426s
  260143    2.4934012e-03   2.782447e+04   0.000000e+00    431s
  261459    2.5028934e-03   1.649001e+04   0.000000e+00    435s
  262775    2.5071786e-03   6.310402e+03   0.000000e+00    440s
  264420    2.5203306e-03   4.039748e+04   0.000000e+00    445s
  266394    2.5317875e-03   7.913198e+04   0.000000e+00    451s
  267710    2.5358000e-03   2.746450e+04   0.000000e+00    455s
  269684    2.5506802e-03   1.426713e+04   0.000000e+00    461s
  271000    2.5663162e-03   1.680947e+04   0.000000e+00    465s
  272645    2.5731719e-03   2.165928e+04   0.000000e+00    471s
  273961    2.5768224e-03   4.468683e+03   0.000000e+00    475s
  275277    2.5938694e-03   1.375126e+05   0.000000e+00    480s
  277251    2.6460940e-03   5.916127e+03   0.000000e+00    485s
  278567    2.6548043e-03   1.408881e+04   0.000000e+00    490s
  280212    2.6661504e-03   1.614322e+04   0.000000e+00    496s
  281528    2.6724464e-03   2.386424e+04   0.000000e+00    501s
  282844    2.6794279e-03   2.915101e+04   0.000000e+00    505s
  284489    2.6883816e-03   7.165587e+04   0.000000e+00    510s
  286134    2.6929344e-03   5.038116e+04   0.000000e+00    516s
  287121    2.6962647e-03   3.333155e+04   0.000000e+00    520s
  289095    2.7116074e-03   3.437688e+04   0.000000e+00    526s
  290740    2.7231463e-03   1.087777e+04   0.000000e+00    530s
  292385    2.7362981e-03   8.307560e+04   0.000000e+00    536s
  293701    2.7406762e-03   3.514766e+04   0.000000e+00    541s
  295346    2.7480202e-03   1.185257e+05   0.000000e+00    546s
  296333    2.7503484e-03   1.102347e+04   0.000000e+00    551s
  297649    2.7535799e-03   1.464560e+04   0.000000e+00    556s
  298636    2.7613786e-03   1.188082e+04   0.000000e+00    560s
  299952    2.7653419e-03   1.992798e+05   0.000000e+00    566s
  301268    2.7688675e-03   3.844995e+04   0.000000e+00    571s
  302584    2.7740182e-03   2.133729e+04   0.000000e+00    576s
  304887    2.8110215e-03   8.912163e+04   0.000000e+00    581s
  306861    2.8257756e-03   8.505652e+03   0.000000e+00    585s
  308177    2.8286647e-03   1.332454e+04   0.000000e+00    591s
  309493    2.8315511e-03   1.085851e+04   0.000000e+00    596s
  310480    2.8334233e-03   2.165209e+04   0.000000e+00    601s
  311796    2.8372939e-03   7.740901e+03   0.000000e+00    606s
  312783    2.8423806e-03   3.516484e+04   0.000000e+00    610s
  314099    2.8470199e-03   2.944621e+04   0.000000e+00    615s
  315744    2.8566162e-03   1.645743e+04   0.000000e+00    620s
  317060    2.8618744e-03   8.268298e+03   0.000000e+00    626s
  318376    2.8760761e-03   1.333475e+04   0.000000e+00    631s
  319692    2.8798906e-03   1.047776e+04   0.000000e+00    636s
  321008    2.8855693e-03   1.382363e+04   0.000000e+00    641s
  321995    2.8881489e-03   1.749776e+04   0.000000e+00    646s
  323311    2.8925470e-03   1.042363e+04   0.000000e+00    651s
  324298    2.8987150e-03   1.326205e+04   0.000000e+00    655s
  325285    2.9006321e-03   2.843311e+03   0.000000e+00    660s
  326601    2.9033309e-03   2.016871e+04   0.000000e+00    666s
  327588    2.9059243e-03   9.064535e+03   0.000000e+00    671s
  328904    2.9087159e-03   7.758490e+03   0.000000e+00    676s
  329891    2.9113529e-03   4.657349e+03   0.000000e+00    680s
  331207    2.9179695e-03   1.188195e+04   0.000000e+00    686s
  332194    2.9204336e-03   1.943153e+04   0.000000e+00    690s
  333510    2.9229901e-03   8.288101e+03   0.000000e+00    695s
  334826    2.9256583e-03   2.208743e+04   0.000000e+00    701s
  335813    2.9274763e-03   1.159144e+04   0.000000e+00    705s
  337129    2.9296380e-03   1.090375e+04   0.000000e+00    711s
  338445    2.9322132e-03   2.083016e+04   0.000000e+00    716s
  339432    2.9341767e-03   1.280394e+04   0.000000e+00    720s
  340748    2.9373645e-03   4.731620e+03   0.000000e+00    726s
  341735    2.9387618e-03   2.234433e+04   0.000000e+00    731s
  343051    2.9438743e-03   1.467056e+04   0.000000e+00    736s
  344367    2.9463654e-03   1.099233e+04   0.000000e+00    741s
  345354    2.9483536e-03   8.588471e+03   0.000000e+00    745s
  346670    2.9508641e-03   1.082655e+04   0.000000e+00    750s
  347986    2.9531721e-03   1.479084e+04   0.000000e+00    756s
  349302    2.9604544e-03   2.902359e+04   0.000000e+00    760s
  350618    2.9626342e-03   1.863071e+04   0.000000e+00    766s
  351605    2.9642162e-03   1.049580e+04   0.000000e+00    770s
  352921    2.9671344e-03   2.419872e+04   0.000000e+00    776s
  353908    2.9690773e-03   5.998662e+03   0.000000e+00    781s
  354895    2.9709002e-03   6.209827e+03   0.000000e+00    786s
  355882    2.9750142e-03   5.115761e+04   0.000000e+00    791s
  356869    2.9773293e-03   2.295248e+04   0.000000e+00    796s
  358185    2.9798965e-03   3.849526e+03   0.000000e+00    802s
  359172    2.9820947e-03   3.444663e+04   0.000000e+00    806s
  360159    2.9849082e-03   1.457770e+04   0.000000e+00    811s
  361146    2.9867620e-03   6.470025e+03   0.000000e+00    816s
  362133    2.9883646e-03   4.389009e+03   0.000000e+00    821s
  363120    2.9899481e-03   1.030668e+04   0.000000e+00    826s
  364436    3.0261192e-03   9.599447e+03   0.000000e+00    830s
  365752    3.0438181e-03   1.080764e+04   0.000000e+00    836s
  366739    3.0543983e-03   5.943313e+03   0.000000e+00    840s
  368055    3.0731797e-03   6.384751e+03   0.000000e+00    846s
  369042    3.0844925e-03   4.554038e+04   0.000000e+00    850s
  370029    3.0903119e-03   5.764313e+03   0.000000e+00    856s
  371016    3.1048654e-03   1.366990e+04   0.000000e+00    861s
  372003    3.1116214e-03   5.064918e+04   0.000000e+00    867s
  372990    3.1475184e-03   1.300088e+04   0.000000e+00    871s
  373977    3.1688773e-03   1.575044e+04   0.000000e+00    876s
  374964    3.1792944e-03   1.681667e+04   0.000000e+00    880s
  375951    3.1864584e-03   1.896060e+04   0.000000e+00    886s
  376938    3.1930983e-03   6.943921e+03   0.000000e+00    891s
  377925    3.2020056e-03   8.479083e+03   0.000000e+00    896s
  378912    3.2085510e-03   1.406082e+04   0.000000e+00    901s
  379899    3.2160354e-03   1.075944e+04   0.000000e+00    906s
  380886    3.2233790e-03   8.131876e+03   0.000000e+00    911s
  381873    3.2280763e-03   2.071532e+03   0.000000e+00    917s
  382531    3.2312408e-03   5.052581e+03   0.000000e+00    921s
  383518    3.2360093e-03   8.880708e+03   0.000000e+00    926s
  384176    3.2410091e-03   4.094725e+03   0.000000e+00    930s
  385163    3.2450470e-03   2.672452e+03   0.000000e+00    936s
  386150    3.2507579e-03   7.985157e+03   0.000000e+00    942s
  386808    3.2527769e-03   2.166214e+03   0.000000e+00    946s
  387466    3.2555199e-03   5.164223e+03   0.000000e+00    950s
  388453    3.2592795e-03   2.117482e+04   0.000000e+00    957s
  389111    3.2654235e-03   1.737780e+04   0.000000e+00    960s
  390098    3.2846446e-03   3.888389e+03   0.000000e+00    965s
  391085    3.2905166e-03   8.591659e+03   0.000000e+00    971s
  391743    3.2929740e-03   3.576033e+03   0.000000e+00    976s
  392730    3.2973587e-03   3.353124e+03   0.000000e+00    982s
  393388    3.2996280e-03   6.939441e+03   0.000000e+00    986s
  394375    3.3066994e-03   1.603787e+03   0.000000e+00    992s
  395033    3.3086396e-03   2.494029e+03   0.000000e+00    996s
  395691    3.3110173e-03   9.780928e+03   0.000000e+00   1001s
  396349    3.3132681e-03   2.376630e+03   0.000000e+00   1005s
  397336    3.3165441e-03   7.190777e+03   0.000000e+00   1012s
  397994    3.3188301e-03   5.797059e+03   0.000000e+00   1017s
  398652    3.3208983e-03   2.079487e+03   0.000000e+00   1021s
  399310    3.3230424e-03   1.795086e+03   0.000000e+00   1026s
  399968    3.3250788e-03   2.220001e+03   0.000000e+00   1030s
  400955    3.3283348e-03   3.515027e+03   0.000000e+00   1037s
  401613    3.3301995e-03   3.984718e+03   0.000000e+00   1041s
  402600    3.3340008e-03   5.370456e+03   0.000000e+00   1047s
  403258    3.3364771e-03   2.239377e+04   0.000000e+00   1051s
  403916    3.3385664e-03   5.271448e+03   0.000000e+00   1056s
  404574    3.3404985e-03   3.303348e+03   0.000000e+00   1060s
  405561    3.3436809e-03   2.011696e+03   0.000000e+00   1067s
  406219    3.3456810e-03   2.134839e+03   0.000000e+00   1071s
  406877    3.3478342e-03   6.430663e+03   0.000000e+00   1075s
  407535    3.3501411e-03   1.518581e+03   0.000000e+00   1080s
  408522    3.3533723e-03   4.968413e+03   0.000000e+00   1087s
  409180    3.3631689e-03   3.554079e+03   0.000000e+00   1090s
  410167    3.3665057e-03   2.921336e+03   0.000000e+00   1097s
  410825    3.3688198e-03   2.635655e+03   0.000000e+00   1101s
  411483    3.3711537e-03   9.520042e+03   0.000000e+00   1105s
  412470    3.3753217e-03   6.544099e+03   0.000000e+00   1111s
  413128    3.3774886e-03   5.389589e+03   0.000000e+00   1115s
  413786    3.3792325e-03   2.680685e+03   0.000000e+00   1120s
  414773    3.3842282e-03   4.864134e+03   0.000000e+00   1127s
  415431    3.3864528e-03   4.471296e+03   0.000000e+00   1132s
  416089    3.3886924e-03   2.511965e+03   0.000000e+00   1137s
  416747    3.3915967e-03   6.318104e+03   0.000000e+00   1141s
  417405    3.3940666e-03   1.019238e+04   0.000000e+00   1145s
  418392    3.3970355e-03   2.998113e+03   0.000000e+00   1152s
  419050    3.3987542e-03   3.838795e+03   0.000000e+00   1156s
  419708    3.4003728e-03   1.307105e+03   0.000000e+00   1161s
  420366    3.4019841e-03   2.923094e+03   0.000000e+00   1166s
  421024    3.4041399e-03   2.521124e+03   0.000000e+00   1171s
  421682    3.4059737e-03   2.606394e+03   0.000000e+00   1175s
  422669    3.4085679e-03   6.918179e+03   0.000000e+00   1182s
  423327    3.4103793e-03   1.596301e+03   0.000000e+00   1187s
  423985    3.4118156e-03   6.907178e+03   0.000000e+00   1192s
  424643    3.4133308e-03   9.184151e+03   0.000000e+00   1197s
  425301    3.4151120e-03   1.750383e+04   0.000000e+00   1202s
  425959    3.4168123e-03   2.417135e+03   0.000000e+00   1206s
  426617    3.4180955e-03   5.895544e+03   0.000000e+00   1211s
  427275    3.4194823e-03   3.472022e+03   0.000000e+00   1216s
  427933    3.4210276e-03   2.326611e+03   0.000000e+00   1221s
  428591    3.4227308e-03   1.411813e+04   0.000000e+00   1225s
  429578    3.4254673e-03   1.404338e+04   0.000000e+00   1232s
  430236    3.4277004e-03   3.089670e+03   0.000000e+00   1236s
  430894    3.4293615e-03   3.264578e+03   0.000000e+00   1241s
  431552    3.4311359e-03   2.014910e+03   0.000000e+00   1246s
  432210    3.4325735e-03   1.761979e+03   0.000000e+00   1251s
  432868    3.4341573e-03   7.437127e+03   0.000000e+00   1255s
  433855    3.4370222e-03   1.653266e+03   0.000000e+00   1262s
  434513    3.4389813e-03   4.203631e+03   0.000000e+00   1267s
  435171    3.4405903e-03   1.701726e+03   0.000000e+00   1272s
  435829    3.4422985e-03   7.583170e+03   0.000000e+00   1276s
  436487    3.4445294e-03   1.556955e+03   0.000000e+00   1281s
  437145    3.4460955e-03   2.136977e+03   0.000000e+00   1286s
  437803    3.4477131e-03   2.236026e+03   0.000000e+00   1290s
  438790    3.4500501e-03   1.328436e+04   0.000000e+00   1297s
  439448    3.4514957e-03   5.344687e+03   0.000000e+00   1301s
  440106    3.4528603e-03   8.853397e+03   0.000000e+00   1306s
  440764    3.4545180e-03   1.764534e+03   0.000000e+00   1311s
  441422    3.4558022e-03   1.256657e+03   0.000000e+00   1316s
  442080    3.4573343e-03   2.152369e+03   0.000000e+00   1321s
  442738    3.4587218e-03   1.684317e+03   0.000000e+00   1325s
  443396    3.4598993e-03   3.020004e+03   0.000000e+00   1330s
  444383    3.4618079e-03   3.142313e+04   0.000000e+00   1337s
  445041    3.4631532e-03   4.342922e+03   0.000000e+00   1342s
  445699    3.4644497e-03   1.580757e+03   0.000000e+00   1347s
  446357    3.4658178e-03   1.797386e+03   0.000000e+00   1352s
  447015    3.4670269e-03   3.222097e+03   0.000000e+00   1357s
  447673    3.4681922e-03   1.736996e+03   0.000000e+00   1362s
  448331    3.4696907e-03   9.748520e+03   0.000000e+00   1367s
  448989    3.4709920e-03   2.301081e+03   0.000000e+00   1371s
  449647    3.4722437e-03   2.885368e+03   0.000000e+00   1376s
  450305    3.4735076e-03   4.134149e+03   0.000000e+00   1381s
  450963    3.4747295e-03   1.273570e+03   0.000000e+00   1386s
  451621    3.4760379e-03   8.929048e+03   0.000000e+00   1391s
  452279    3.4774466e-03   7.922589e+03   0.000000e+00   1396s
  452937    3.4789135e-03   2.797415e+03   0.000000e+00   1401s
  453595    3.4803253e-03   3.368713e+03   0.000000e+00   1406s
  454253    3.4817703e-03   1.576352e+03   0.000000e+00   1411s
  454911    3.4831422e-03   2.997787e+03   0.000000e+00   1415s
  455569    3.4843937e-03   8.768465e+02   0.000000e+00   1420s
  456227    3.4858780e-03   2.654894e+03   0.000000e+00   1425s
  456885    3.4874143e-03   2.595093e+03   0.000000e+00   1430s
  457872    3.4894405e-03   1.718793e+03   0.000000e+00   1437s
  458530    3.4907154e-03   1.928777e+03   0.000000e+00   1442s
  459188    3.4920989e-03   2.764545e+03   0.000000e+00   1447s
  459846    3.4936126e-03   1.521962e+03   0.000000e+00   1452s
  460504    3.4949577e-03   6.239452e+03   0.000000e+00   1457s
  461162    3.4964797e-03   2.320659e+03   0.000000e+00   1461s
  461820    3.4976740e-03   5.303500e+03   0.000000e+00   1466s
  462478    3.4989978e-03   1.041845e+03   0.000000e+00   1471s
  463136    3.5003571e-03   1.674914e+03   0.000000e+00   1476s
  463794    3.5016220e-03   2.312505e+03   0.000000e+00   1480s
  464452    3.5030615e-03   8.883395e+03   0.000000e+00   1485s
  465439    3.5052878e-03   1.165216e+03   0.000000e+00   1492s
  466097    3.5066791e-03   1.973171e+03   0.000000e+00   1497s
  466755    3.5078256e-03   3.571851e+03   0.000000e+00   1502s
  467413    3.5091491e-03   9.616348e+02   0.000000e+00   1507s
  468071    3.5105305e-03   3.306797e+03   0.000000e+00   1511s
  468729    3.5118234e-03   1.976807e+03   0.000000e+00   1516s
  469387    3.5130129e-03   1.364620e+03   0.000000e+00   1521s
  470045    3.5141179e-03   3.718014e+03   0.000000e+00   1526s
  470703    3.5152342e-03   3.036490e+03   0.000000e+00   1531s
  471361    3.5164891e-03   2.811739e+03   0.000000e+00   1536s
  472019    3.5178191e-03   1.863618e+03   0.000000e+00   1541s
  472677    3.5190900e-03   2.785601e+03   0.000000e+00   1546s
  473335    3.5203932e-03   1.106418e+03   0.000000e+00   1551s
  473993    3.5214801e-03   1.116698e+03   0.000000e+00   1556s
  474651    3.5226337e-03   1.446189e+03   0.000000e+00   1561s
  475309    3.5236342e-03   1.783751e+03   0.000000e+00   1566s
  475967    3.5246230e-03   1.377707e+03   0.000000e+00   1571s
  476625    3.5256912e-03   3.594722e+03   0.000000e+00   1576s
  477283    3.5268463e-03   3.049282e+03   0.000000e+00   1582s
  477941    3.5280553e-03   8.189245e+03   0.000000e+00   1587s
  478599    3.5290880e-03   1.252216e+03   0.000000e+00   1592s
  479257    3.5301797e-03   1.994765e+03   0.000000e+00   1597s
  479915    3.5311568e-03   1.401205e+03   0.000000e+00   1602s
  480573    3.5320926e-03   9.984535e+02   0.000000e+00   1607s
  480902    3.5327316e-03   2.992327e+03   0.000000e+00   1610s
  481560    3.5338725e-03   7.011631e+02   0.000000e+00   1615s
  482218    3.5349525e-03   3.384338e+03   0.000000e+00   1620s
  482876    3.5360463e-03   5.511770e+03   0.000000e+00   1625s
  483534    3.5371569e-03   1.592818e+03   0.000000e+00   1630s
  484192    3.5383921e-03   2.060063e+03   0.000000e+00   1636s
  484850    3.5395525e-03   1.697133e+03   0.000000e+00   1641s
  485508    3.5406878e-03   1.669920e+03   0.000000e+00   1646s
  486166    3.5418850e-03   4.406044e+03   0.000000e+00   1651s
  486824    3.5429983e-03   2.379821e+03   0.000000e+00   1656s
  487482    3.5442140e-03   1.007880e+03   0.000000e+00   1661s
  488140    3.5455002e-03   7.618883e+03   0.000000e+00   1666s
  488798    3.5467327e-03   4.666247e+03   0.000000e+00   1672s
  489456    3.5480675e-03   1.286724e+03   0.000000e+00   1677s
  490114    3.5491547e-03   4.955679e+02   0.000000e+00   1682s
  490772    3.5501850e-03   1.105784e+03   0.000000e+00   1687s
  491430    3.5512821e-03   2.550934e+03   0.000000e+00   1692s
  492088    3.5523993e-03   1.580192e+03   0.000000e+00   1697s
  492746    3.5535169e-03   2.001503e+03   0.000000e+00   1702s
  493404    3.5546679e-03   1.404855e+03   0.000000e+00   1707s
  494062    3.5556723e-03   8.647792e+03   0.000000e+00   1712s
  494720    3.5567357e-03   9.708642e+02   0.000000e+00   1717s
  495378    3.5577213e-03   6.013220e+02   0.000000e+00   1722s
  496036    3.5588348e-03   2.664185e+03   0.000000e+00   1727s
  496694    3.5598547e-03   2.698593e+03   0.000000e+00   1733s
  497023    3.5603588e-03   4.123448e+03   0.000000e+00   1735s
  497681    3.5614485e-03   4.142961e+03   0.000000e+00   1740s
  498339    3.5625167e-03   1.507567e+03   0.000000e+00   1746s
  498997    3.5633640e-03   1.156513e+03   0.000000e+00   1751s
  499655    3.5643683e-03   6.062241e+03   0.000000e+00   1756s
  500313    3.5652765e-03   1.372942e+03   0.000000e+00   1761s
  500971    3.5662273e-03   1.124425e+03   0.000000e+00   1766s
  501629    3.5672947e-03   7.487018e+02   0.000000e+00   1772s
  502287    3.5682106e-03   1.222118e+03   0.000000e+00   1777s
  502945    3.5692184e-03   3.750684e+03   0.000000e+00   1782s
  503603    3.5701637e-03   3.550278e+03   0.000000e+00   1787s
  504261    3.5710754e-03   2.588513e+03   0.000000e+00   1792s
  504919    3.5719660e-03   6.427063e+02   0.000000e+00   1797s
  505248    3.5723337e-03   1.137405e+03   0.000000e+00   1800s
  505906    3.5731625e-03   1.294360e+03   0.000000e+00   1805s
  506564    3.5740820e-03   6.864443e+02   0.000000e+00   1810s
  507222    3.5748962e-03   1.688839e+03   0.000000e+00   1816s
  507880    3.5758201e-03   1.887411e+03   0.000000e+00   1821s
  508538    3.5768249e-03   9.759299e+02   0.000000e+00   1826s
  509196    3.5778795e-03   1.655637e+03   0.000000e+00   1831s
  509854    3.5788332e-03   9.055162e+02   0.000000e+00   1837s
  510512    3.5796934e-03   6.954191e+02   0.000000e+00   1842s
  511170    3.5806344e-03   2.229244e+03   0.000000e+00   1847s
  511828    3.5816493e-03   6.152801e+02   0.000000e+00   1852s
  512486    3.5825407e-03   9.872837e+02   0.000000e+00   1858s
  512815    3.5830525e-03   1.237569e+03   0.000000e+00   1860s
  513473    3.5840280e-03   5.995116e+02   0.000000e+00   1865s
  514131    3.5849958e-03   9.201554e+02   0.000000e+00   1871s
  514789    3.5859832e-03   1.341670e+03   0.000000e+00   1876s
  515447    3.5869731e-03   3.413462e+03   0.000000e+00   1881s
  516105    3.5878935e-03   2.143568e+03   0.000000e+00   1887s
  516763    3.5888872e-03   2.354798e+03   0.000000e+00   1892s
  517421    3.5898028e-03   7.146793e+02   0.000000e+00   1897s
  518079    3.5907503e-03   4.250820e+02   0.000000e+00   1902s
  518408    3.5911893e-03   6.754241e+03   0.000000e+00   1905s
  519066    3.5922645e-03   2.569675e+03   0.000000e+00   1910s
  519724    3.5933282e-03   1.740098e+03   0.000000e+00   1916s
  520382    3.5942791e-03   6.079973e+02   0.000000e+00   1921s
  521040    3.5952095e-03   7.221638e+02   0.000000e+00   1926s
  521698    3.5962580e-03   1.300994e+03   0.000000e+00   1932s
  522356    3.5973211e-03   9.192424e+02   0.000000e+00   1937s
  523014    3.5983244e-03   1.938081e+03   0.000000e+00   1942s
  523672    3.5992661e-03   7.393144e+02   0.000000e+00   1947s
  524330    3.6003433e-03   1.234593e+03   0.000000e+00   1952s
  524988    3.6013456e-03   1.202549e+03   0.000000e+00   1957s
  525646    3.6025236e-03   1.622936e+03   0.000000e+00   1962s
  526304    3.6035105e-03   1.913557e+03   0.000000e+00   1967s
  526962    3.6046227e-03   1.788480e+05   0.000000e+00   1972s
  527620    3.6055990e-03   8.817381e+02   0.000000e+00   1977s
  528278    3.6066274e-03   3.150928e+03   0.000000e+00   1982s
  528607    3.6070524e-03   7.697777e+02   0.000000e+00   1985s
  529265    3.6082132e-03   1.158665e+03   0.000000e+00   1990s
  529923    3.6093525e-03   1.669934e+03   0.000000e+00   1995s
  530581    3.6107079e-03   1.600759e+03   0.000000e+00   2000s
  531239    3.6119169e-03   1.098481e+03   0.000000e+00   2006s
  531897    3.6131361e-03   7.063703e+03   0.000000e+00   2011s
  532555    3.6141704e-03   3.717185e+02   0.000000e+00   2016s
  533213    3.6149425e-03   1.042901e+03   0.000000e+00   2021s
  533871    3.6158869e-03   9.200766e+02   0.000000e+00   2026s
  534529    3.6169896e-03   3.340543e+03   0.000000e+00   2031s
  535187    3.6190764e-03   1.066055e+03   0.000000e+00   2036s
  535845    3.6205572e-03   4.777049e+03   0.000000e+00   2041s
  536503    3.6218169e-03   2.059785e+03   0.000000e+00   2046s
  537161    3.6229133e-03   4.473759e+03   0.000000e+00   2051s
  537819    3.6240197e-03   5.700758e+03   0.000000e+00   2056s
  538477    3.6251247e-03   5.396664e+03   0.000000e+00   2061s
  539135    3.6261706e-03   1.138423e+03   0.000000e+00   2066s
  539793    3.6270305e-03   1.030963e+03   0.000000e+00   2071s
  540451    3.6279675e-03   1.403609e+03   0.000000e+00   2076s
  541109    3.6288904e-03   1.723171e+03   0.000000e+00   2082s
  541767    3.6297717e-03   3.870210e+03   0.000000e+00   2087s
  542425    3.6306545e-03   7.437452e+02   0.000000e+00   2092s
  543083    3.6316490e-03   1.039201e+03   0.000000e+00   2097s
  543741    3.6327160e-03   8.480568e+02   0.000000e+00   2103s
  544070    3.6332670e-03   1.296203e+03   0.000000e+00   2105s
  544728    3.6343620e-03   4.545658e+02   0.000000e+00   2110s
  545386    3.6353023e-03   1.919147e+03   0.000000e+00   2116s
  546044    3.6362268e-03   5.050712e+03   0.000000e+00   2121s
  546702    3.6372014e-03   2.717255e+03   0.000000e+00   2127s
  547360    3.6380351e-03   6.490554e+02   0.000000e+00   2132s
  548018    3.6389288e-03   9.088088e+02   0.000000e+00   2137s
  548676    3.6398407e-03   2.039644e+03   0.000000e+00   2142s
  549005    3.6403042e-03   3.212261e+03   0.000000e+00   2145s
  549663    3.6412564e-03   9.054856e+02   0.000000e+00   2150s
  550321    3.6422557e-03   1.360650e+03   0.000000e+00   2155s
  550979    3.6432063e-03   8.938993e+02   0.000000e+00   2161s
  551637    3.6441677e-03   9.349580e+02   0.000000e+00   2166s
  552295    3.6451429e-03   1.463564e+03   0.000000e+00   2171s
  552953    3.6460221e-03   1.010962e+03   0.000000e+00   2176s
  553611    3.6469506e-03   6.035391e+02   0.000000e+00   2181s
  554269    3.6479566e-03   1.946255e+03   0.000000e+00   2186s
  554927    3.6487778e-03   1.285006e+03   0.000000e+00   2192s
  555585    3.6496599e-03   9.560308e+02   0.000000e+00   2197s
  556243    3.6507985e-03   1.746814e+04   0.000000e+00   2202s
  556901    3.6518705e-03   4.448496e+03   0.000000e+00   2207s
  557559    3.6529758e-03   1.372153e+03   0.000000e+00   2212s
  558217    3.6540892e-03   1.365730e+03   0.000000e+00   2217s
  558875    3.6550660e-03   5.369662e+03   0.000000e+00   2222s
  559533    3.6560361e-03   1.456390e+03   0.000000e+00   2227s
  560191    3.6569874e-03   1.456627e+04   0.000000e+00   2232s
  560849    3.6579357e-03   9.577717e+02   0.000000e+00   2237s
  561507    3.6589641e-03   1.632620e+03   0.000000e+00   2242s
  562165    3.6600138e-03   3.485123e+03   0.000000e+00   2247s
  562823    3.6614407e-03   1.122397e+03   0.000000e+00   2252s
  563481    3.6625620e-03   2.306669e+03   0.000000e+00   2257s
  564139    3.6637053e-03   2.429114e+03   0.000000e+00   2262s
  564797    3.6649074e-03   1.932292e+03   0.000000e+00   2267s
  565455    3.6659035e-03   1.248263e+03   0.000000e+00   2272s
  566113    3.6669611e-03   6.691344e+02   0.000000e+00   2277s
  566442    3.6674967e-03   2.256854e+03   0.000000e+00   2280s
  567100    3.6685927e-03   1.581997e+04   0.000000e+00   2285s
  568087    3.6710920e-03   2.234125e+03   0.000000e+00   2293s
  568416    3.6716939e-03   1.272348e+03   0.000000e+00   2295s
  569074    3.6728268e-03   2.832693e+03   0.000000e+00   2300s
  569732    3.6739412e-03   1.670588e+03   0.000000e+00   2305s
  570390    3.6748728e-03   6.318788e+02   0.000000e+00   2310s
  571048    3.6758157e-03   7.506295e+02   0.000000e+00   2316s
  571706    3.6767579e-03   1.216947e+03   0.000000e+00   2321s
  572364    3.6777166e-03   2.291197e+03   0.000000e+00   2326s
  573022    3.6786553e-03   9.014447e+02   0.000000e+00   2331s
  573680    3.6795430e-03   9.718992e+02   0.000000e+00   2337s
  574338    3.6805857e-03   1.542409e+03   0.000000e+00   2342s
  574996    3.6816641e-03   1.289089e+03   0.000000e+00   2347s
  575654    3.6825835e-03   7.204243e+02   0.000000e+00   2352s
  576312    3.6835544e-03   1.047007e+03   0.000000e+00   2358s
  576641    3.6840700e-03   1.519473e+03   0.000000e+00   2360s
  577299    3.6850348e-03   1.877864e+03   0.000000e+00   2365s
  577957    3.6860658e-03   3.923694e+03   0.000000e+00   2370s
  578615    3.6868740e-03   8.166864e+02   0.000000e+00   2375s
  579273    3.6877633e-03   2.201114e+03   0.000000e+00   2381s
  579931    3.6887437e-03   1.601673e+03   0.000000e+00   2386s
  580589    3.6895579e-03   4.711766e+02   0.000000e+00   2391s
  581247    3.6905373e-03   2.839340e+04   0.000000e+00   2396s
  581905    3.6915028e-03   9.317290e+02   0.000000e+00   2402s
  582563    3.6923701e-03   8.666737e+02   0.000000e+00   2407s
  583221    3.6932587e-03   2.339646e+03   0.000000e+00   2412s
  583879    3.6942899e-03   1.425907e+03   0.000000e+00   2417s
  584537    3.6951728e-03   2.207556e+03   0.000000e+00   2423s
  584866    3.6957058e-03   2.606453e+03   0.000000e+00   2425s
  585524    3.6965953e-03   7.774461e+02   0.000000e+00   2431s
  586182    3.6973742e-03   8.930231e+02   0.000000e+00   2436s
  586840    3.6982776e-03   7.384226e+02   0.000000e+00   2441s
  587498    3.6991914e-03   7.868917e+02   0.000000e+00   2446s
  588156    3.7000652e-03   2.897062e+03   0.000000e+00   2452s
  588814    3.7008609e-03   1.624634e+04   0.000000e+00   2457s
  589472    3.7016937e-03   1.830049e+03   0.000000e+00   2462s
  590130    3.7025639e-03   2.365088e+03   0.000000e+00   2467s
  590459    3.7029695e-03   3.156128e+03   0.000000e+00   2470s
  591117    3.7038360e-03   1.064637e+03   0.000000e+00   2475s
  591775    3.7047971e-03   1.481072e+03   0.000000e+00   2481s
  592433    3.7056720e-03   6.826529e+04   0.000000e+00   2486s
  593091    3.7064648e-03   5.545508e+02   0.000000e+00   2491s
  593749    3.7073012e-03   6.212421e+02   0.000000e+00   2497s
  594407    3.7082008e-03   6.439804e+02   0.000000e+00   2502s
  595065    3.7090140e-03   2.001962e+03   0.000000e+00   2507s
  595394    3.7093718e-03   1.657873e+03   0.000000e+00   2510s
  596052    3.7102962e-03   8.807643e+02   0.000000e+00   2515s
  596710    3.7112427e-03   2.852637e+03   0.000000e+00   2521s
  597368    3.7119708e-03   3.840366e+02   0.000000e+00   2526s
  598026    3.7126864e-03   1.188727e+03   0.000000e+00   2531s
  598684    3.7135467e-03   9.712399e+03   0.000000e+00   2536s
  599342    3.7143896e-03   7.850545e+02   0.000000e+00   2541s
  600000    3.7152500e-03   8.705406e+02   0.000000e+00   2547s
  600658    3.7161561e-03   1.241897e+03   0.000000e+00   2552s
  601316    3.7169804e-03   2.871353e+03   0.000000e+00   2557s
  601645    3.7173532e-03   1.572788e+03   0.000000e+00   2560s
  602303    3.7182160e-03   6.844857e+02   0.000000e+00   2565s
  602961    3.7188771e-03   1.260172e+03   0.000000e+00   2571s
  603619    3.7196528e-03   4.368990e+02   0.000000e+00   2576s
  604277    3.7203341e-03   9.065877e+02   0.000000e+00   2582s
  604935    3.7210755e-03   4.082179e+02   0.000000e+00   2587s
  605593    3.7218331e-03   9.825126e+03   0.000000e+00   2592s
  605922    3.7221815e-03   1.154460e+03   0.000000e+00   2595s
  606580    3.7228283e-03   1.401402e+03   0.000000e+00   2600s
  607238    3.7235453e-03   1.201525e+03   0.000000e+00   2606s
  607896    3.7244630e-03   5.275993e+02   0.000000e+00   2611s
  608554    3.7252597e-03   5.214962e+02   0.000000e+00   2617s
  609212    3.7259265e-03   8.176271e+02   0.000000e+00   2622s
  609870    3.7266556e-03   7.044067e+02   0.000000e+00   2628s
  610199    3.7270292e-03   4.985334e+02   0.000000e+00   2630s
  610857    3.7278295e-03   9.151527e+02   0.000000e+00   2636s
  611515    3.7284706e-03   5.908492e+02   0.000000e+00   2641s
  612173    3.7291525e-03   1.011738e+03   0.000000e+00   2647s
  612831    3.7297695e-03   9.028928e+02   0.000000e+00   2652s
  613160    3.7301131e-03   2.052050e+03   0.000000e+00   2655s
  613818    3.7307271e-03   8.063597e+02   0.000000e+00   2660s
  614476    3.7313582e-03   1.551354e+03   0.000000e+00   2666s
  615134    3.7319902e-03   5.436204e+02   0.000000e+00   2671s
  615792    3.7326267e-03   9.830540e+02   0.000000e+00   2677s
  616450    3.7331883e-03   1.128620e+03   0.000000e+00   2682s
  617108    3.7337826e-03   5.849010e+02   0.000000e+00   2687s
  617437    3.7340555e-03   4.908585e+02   0.000000e+00   2690s
  618095    3.7346755e-03   9.860279e+02   0.000000e+00   2696s
  618753    3.7352423e-03   9.664157e+02   0.000000e+00   2701s
  619411    3.7357928e-03   1.342525e+03   0.000000e+00   2706s
  620069    3.7364815e-03   3.736542e+02   0.000000e+00   2712s
  620727    3.7371383e-03   1.294766e+03   0.000000e+00   2717s
  621385    3.7377200e-03   5.249787e+02   0.000000e+00   2722s
  621714    3.7380388e-03   8.810585e+02   0.000000e+00   2725s
  622372    3.7386161e-03   7.781769e+02   0.000000e+00   2730s
  623030    3.7393001e-03   1.687906e+03   0.000000e+00   2736s
  623688    3.7399604e-03   7.739799e+02   0.000000e+00   2741s
  624346    3.7406299e-03   5.109631e+02   0.000000e+00   2747s
  625004    3.7412952e-03   1.102706e+03   0.000000e+00   2752s
  625662    3.7418837e-03   8.714069e+02   0.000000e+00   2757s
  625991    3.7422433e-03   2.984905e+02   0.000000e+00   2760s
  626649    3.7429140e-03   6.769765e+02   0.000000e+00   2766s
  627307    3.7435643e-03   5.230036e+02   0.000000e+00   2771s
  627965    3.7442148e-03   1.898979e+03   0.000000e+00   2776s
  628623    3.7449299e-03   5.476644e+02   0.000000e+00   2782s
  629281    3.7455894e-03   3.306284e+02   0.000000e+00   2787s
  629939    3.7461927e-03   6.863610e+02   0.000000e+00   2793s
  630268    3.7465233e-03   2.556514e+02   0.000000e+00   2795s
  630926    3.7471080e-03   2.655095e+02   0.000000e+00   2801s
  631584    3.7477302e-03   1.379355e+03   0.000000e+00   2806s
  632242    3.7483530e-03   1.754890e+03   0.000000e+00   2812s
  632900    3.7488549e-03   6.341206e+02   0.000000e+00   2817s
  633229    3.7492051e-03   5.818184e+02   0.000000e+00   2820s
  633887    3.7497199e-03   2.974759e+02   0.000000e+00   2826s
  634545    3.7502382e-03   5.693476e+02   0.000000e+00   2831s
  635203    3.7509398e-03   1.721931e+03   0.000000e+00   2837s
  635861    3.7515626e-03   1.187120e+03   0.000000e+00   2842s
  636519    3.7522718e-03   2.723303e+02   0.000000e+00   2848s
  636848    3.7525869e-03   2.940678e+03   0.000000e+00   2850s
  637506    3.7532241e-03   5.659794e+03   0.000000e+00   2856s
  638164    3.7538040e-03   8.171129e+02   0.000000e+00   2861s
  638822    3.7543473e-03   1.203891e+03   0.000000e+00   2867s
  639480    3.7549319e-03   4.188405e+02   0.000000e+00   2872s
  640138    3.7555574e-03   1.025008e+03   0.000000e+00   2878s
  640467    3.7558185e-03   9.167084e+02   0.000000e+00   2880s
  641125    3.7563521e-03   7.252513e+02   0.000000e+00   2886s
  641783    3.7568862e-03   3.925761e+02   0.000000e+00   2892s
  642441    3.7575052e-03   3.522271e+02   0.000000e+00   2897s
  642770    3.7577692e-03   5.414082e+02   0.000000e+00   2900s
  643428    3.7584132e-03   8.268262e+02   0.000000e+00   2906s
  644086    3.7589443e-03   2.829610e+02   0.000000e+00   2911s
  644744    3.7594708e-03   1.764792e+02   0.000000e+00   2917s
  645402    3.7600294e-03   3.445044e+02   0.000000e+00   2922s
  645731    3.7602882e-03   4.100938e+02   0.000000e+00   2925s
  646389    3.7608226e-03   3.255955e+02   0.000000e+00   2931s
  647047    3.7613835e-03   4.929809e+02   0.000000e+00   2936s
  647705    3.7618939e-03   5.746233e+02   0.000000e+00   2942s
  648363    3.7623941e-03   1.074009e+03   0.000000e+00   2948s
  648692    3.7626546e-03   5.319234e+02   0.000000e+00   2950s
  649350    3.7631914e-03   2.281017e+03   0.000000e+00   2956s
  650008    3.7637897e-03   9.205166e+02   0.000000e+00   2962s
  650666    3.7643471e-03   5.111584e+02   0.000000e+00   2967s
  650995    3.7646131e-03   4.995286e+02   0.000000e+00   2970s
  651653    3.7652236e-03   1.360711e+03   0.000000e+00   2976s
  652311    3.7658971e-03   1.862681e+03   0.000000e+00   2982s
  652969    3.7665713e-03   1.262826e+03   0.000000e+00   2987s
  653298    3.7667831e-03   9.640157e+02   0.000000e+00   2990s
  653956    3.7674432e-03   5.468958e+02   0.000000e+00   2996s
  654614    3.7681711e-03   5.321403e+02   0.000000e+00   3001s
  655272    3.7688491e-03   3.901880e+02   0.000000e+00   3007s
  655930    3.7694664e-03   5.911309e+02   0.000000e+00   3012s
  656588    3.7700368e-03   4.664103e+02   0.000000e+00   3018s
  656917    3.7702841e-03   1.175874e+03   0.000000e+00   3021s
  657575    3.7707342e-03   3.043516e+02   0.000000e+00   3026s
  658233    3.7713341e-03   7.550372e+02   0.000000e+00   3032s
  658891    3.7720398e-03   2.731271e+02   0.000000e+00   3037s
  659220    3.7722851e-03   2.584368e+02   0.000000e+00   3040s
  659878    3.7728869e-03   4.245649e+02   0.000000e+00   3046s
  660536    3.7734214e-03   5.560919e+02   0.000000e+00   3051s
  661194    3.7779802e-03   1.915176e+03   0.000000e+00   3057s
  661852    3.7847822e-03   1.283283e+03   0.000000e+00   3062s
  662510    3.7893985e-03   3.046677e+02   0.000000e+00   3067s
  663168    3.7935608e-03   1.336722e+03   0.000000e+00   3072s
  663826    3.7966552e-03   1.045474e+03   0.000000e+00   3078s
  664155    3.7981035e-03   3.257143e+02   0.000000e+00   3080s
  664813    3.8014516e-03   4.880125e+02   0.000000e+00   3085s
  665471    3.8036873e-03   6.259420e+02   0.000000e+00   3091s
  666129    3.8056324e-03   3.024315e+03   0.000000e+00   3096s
  666787    3.8079076e-03   4.454998e+02   0.000000e+00   3102s
  667445    3.8104298e-03   7.657043e+03   0.000000e+00   3107s
  668103    3.8129531e-03   3.543153e+02   0.000000e+00   3112s
  668761    3.8151028e-03   1.577877e+03   0.000000e+00   3117s
  669090    3.8164773e-03   7.154776e+03   0.000000e+00   3120s
  669748    3.8185613e-03   1.457309e+03   0.000000e+00   3125s
  670406    3.8203066e-03   2.586326e+02   0.000000e+00   3131s
  671064    3.8224059e-03   1.009606e+03   0.000000e+00   3136s
  671722    3.8238754e-03   3.942038e+02   0.000000e+00   3141s
  672380    3.8256777e-03   1.304961e+03   0.000000e+00   3147s
  673038    3.8274708e-03   5.512760e+03   0.000000e+00   3152s
  673696    3.8296133e-03   4.092561e+02   0.000000e+00   3157s
  674354    3.8315551e-03   2.493059e+02   0.000000e+00   3163s
  674683    3.8323147e-03   2.036493e+02   0.000000e+00   3165s
  675341    3.8337643e-03   8.216408e+02   0.000000e+00   3171s
  675999    3.8351560e-03   2.889150e+02   0.000000e+00   3176s
  676657    3.8363706e-03   7.671946e+02   0.000000e+00   3181s
  677315    3.8381390e-03   1.051048e+03   0.000000e+00   3187s
  677973    3.8392850e-03   7.888958e+02   0.000000e+00   3192s
  678631    3.8403368e-03   4.264456e+03   0.000000e+00   3198s
  678960    3.8408677e-03   2.517355e+02   0.000000e+00   3200s
  679618    3.8420326e-03   2.817086e+02   0.000000e+00   3206s
  680276    3.8431729e-03   3.438569e+02   0.000000e+00   3211s
  680934    3.8442256e-03   1.806831e+03   0.000000e+00   3217s
  681592    3.8454764e-03   1.785963e+02   0.000000e+00   3222s
  682250    3.8464190e-03   1.821674e+02   0.000000e+00   3228s
  682579    3.8469849e-03   2.629268e+02   0.000000e+00   3230s
  683237    3.8482268e-03   1.100816e+03   0.000000e+00   3236s
  683895    3.8493071e-03   1.512025e+03   0.000000e+00   3241s
  684553    3.8505331e-03   2.522708e+03   0.000000e+00   3247s
  685211    3.8514806e-03   1.473941e+03   0.000000e+00   3253s
  685540    3.8518934e-03   2.653040e+03   0.000000e+00   3255s
  686198    3.8527090e-03   2.942106e+02   0.000000e+00   3261s
  686856    3.8535213e-03   1.043146e+03   0.000000e+00   3267s
  687514    3.8544199e-03   5.733662e+03   0.000000e+00   3272s
  687843    3.8548199e-03   2.061064e+02   0.000000e+00   3275s
  688501    3.8556289e-03   1.813914e+02   0.000000e+00   3281s
  689159    3.8564520e-03   2.723906e+02   0.000000e+00   3286s
  689817    3.8572338e-03   5.276098e+02   0.000000e+00   3292s
  690475    3.8579182e-03   4.711614e+02   0.000000e+00   3298s
  690804    3.8584612e-03   3.737651e+02   0.000000e+00   3300s
  691462    3.8592946e-03   1.586715e+02   0.000000e+00   3306s
  692120    3.8600193e-03   4.663259e+02   0.000000e+00   3312s
  692778    3.8607318e-03   1.947577e+03   0.000000e+00   3317s
  693107    3.8611259e-03   3.685361e+02   0.000000e+00   3320s
  693765    3.8618196e-03   1.619916e+02   0.000000e+00   3326s
  694423    3.8625860e-03   1.852050e+02   0.000000e+00   3331s
  695081    3.8647343e-03   5.614577e+02   0.000000e+00   3337s
  695739    3.8664253e-03   7.698560e+02   0.000000e+00   3342s
  696068    3.8672395e-03   6.910317e+02   0.000000e+00   3345s
  696726    3.8702348e-03   1.108894e+03   0.000000e+00   3350s
  697384    3.8722887e-03   7.220978e+03   0.000000e+00   3356s
  698042    3.8746288e-03   7.302916e+02   0.000000e+00   3361s
  698700    3.8769487e-03   1.501229e+03   0.000000e+00   3366s
  699358    3.8796581e-03   7.592330e+02   0.000000e+00   3371s
  700016    3.8815709e-03   1.669630e+03   0.000000e+00   3377s
  700674    3.8834298e-03   9.192248e+02   0.000000e+00   3382s
  701332    3.8853263e-03   3.108782e+02   0.000000e+00   3388s
  701661    3.8862771e-03   3.429609e+03   0.000000e+00   3390s
  702319    3.8879332e-03   2.293587e+03   0.000000e+00   3396s
  702977    3.8895828e-03   6.451564e+02   0.000000e+00   3401s
  703635    3.8910220e-03   8.053740e+02   0.000000e+00   3407s
  704293    3.8924725e-03   4.156916e+02   0.000000e+00   3412s
  704951    3.8938322e-03   1.490679e+03   0.000000e+00   3418s
  705280    3.8943958e-03   1.011507e+03   0.000000e+00   3421s
  705938    3.8953259e-03   2.221243e+02   0.000000e+00   3426s
  706596    3.8962531e-03   9.208852e+02   0.000000e+00   3432s
  707254    3.8968798e-03   3.526711e+02   0.000000e+00   3437s
  707583    3.8971590e-03   1.356802e+03   0.000000e+00   3440s
  708241    3.8975792e-03   2.310060e+02   0.000000e+00   3446s
  708899    3.8978473e-03   9.607322e+01   0.000000e+00   3452s
  709557    3.8979617e-03   2.604766e+00   0.000000e+00   3457s
  709886    3.8979785e-03   7.919141e-01   0.000000e+00   3460s
  710194    0.0000000e+00   0.000000e+00   0.000000e+00   3463s

Root relaxation: objective 0.000000e+00, 710194 iterations, 3461.11 seconds
Total elapsed time = 3589.64s
Total elapsed time = 4305.73s
Total elapsed time = 4798.76s

    Nodes    |    Current Node    |     Objective Bounds      |     Work
 Expl Unexpl |  Obj  Depth IntInf | Incumbent    BestBd   Gap | It/Node Time

     0     0    0.00000    0  334          -    0.00000      -     - 4807s
     0     0    0.00000    0  736          -    0.00000      -     - 11503s
     0     0    0.00000    0 1079          -    0.00000      -     - 14737s
H    0     0                    4.500300e+09    0.00000   100%     - 14752s
     0     0    0.00000    0  694 4.5003e+09    0.00000   100%     - 28092s
H    0     0                    3288.0000000    0.00000   100%     - 28096s
     0     0    0.00000    0  908 3288.00000    0.00000   100%     - 30198s
     0     0    0.00000    0 1575 3288.00000    0.00000   100%     - 39485s
     0     0    0.00000    0 1406 3288.00000    0.00000   100%     - 39849s
     0     0    0.00000    0  199 3288.00000    0.00000   100%     - 49539s
H    0     0                    3098.0000000    0.00000   100%     - 49543s
     0     0    0.00000    0  277 3098.00000    0.00000   100%     - 60362s
     0     0    0.00000    0 1314 3098.00000    0.00000   100%     - 71096s
     0     0    0.00000    0 1325 3098.00000    0.00000   100%     - 76640s
     0     0          -    0      3098.00000    0.00000   100%     - 79999s

Cutting planes:
  Gomory: 6
  Cover: 86
  Implied bound: 239
  Clique: 20
  MIR: 311
  Flow cover: 377
  Zero half: 1

Explored 0 nodes (8808824 simplex iterations) in 79999.82 seconds
Thread count was 8 (of 8 available processors)

Solve interrupted
Best objective 3.098000000000e+03, best bound 0.000000000000e+00, gap 100.0000%

Solution:
0 44 34 37 4 36 41 10 1 43 38 26 11 25 3 46 31 9 13 6 18 8 23 35 45 
1 0 0 0 0 0 0 0 0 0 0 0 0 0 0 0 0 0 0 0 0 0 0 0 0 

Cost: 3098
Lower Bound: 0
